original_fp16_bits,candidate_fp16_bits,count
3999,4128,1
5323,5271,1
7308,7361,1
7309,7298,1
7645,7657,1
7649,7701,1
7739,7727,1
7926,7988,1
8156,8154,1
8929,8968,1
9110,9177,1
9192,9195,1
9323,9386,1
9548,9553,1
9722,9736,1
9881,9863,1
10059,10030,1
10405,10408,1
10449,10426,1
10523,10527,1
10539,10537,1
10649,10646,1
10762,10765,1
10782,10785,1
10843,10860,1
10861,10865,1
10874,10866,1
10883,10886,1
10921,10919,1
10989,10967,1
11042,11049,1
11095,11110,1
11098,11109,1
11136,11119,1
11140,11156,1
11156,11145,1
11276,11277,1
11287,11284,1
11301,11300,1
11304,11311,1
11335,11340,1
11367,11362,1
11372,11352,1
11381,11388,1
11392,11387,1
11440,11434,1
11474,11468,1
11495,11497,1
11535,11532,1
11571,11581,1
11601,11595,1
11615,11601,1
11618,11621,1
11638,11635,1
11683,11690,1
11701,11715,1
11703,11704,1
11775,11793,1
11782,11783,1
11783,11798,1
11797,11790,1
11824,11823,1
11826,11817,1
11834,11825,1
11838,11837,1
11838,11847,1
11847,11850,1
11894,11896,1
11922,11918,1
11924,11922,1
11945,11940,1
11957,11955,1
11978,11985,1
11982,11978,1
11996,11997,1
12001,12005,1
12028,12042,1
12054,12050,2
12056,12059,1
12057,12056,1
12061,12060,1
12076,12058,1
12094,12105,1
12103,12110,1
12119,12116,1
12135,12131,1
12155,12156,1
12158,12159,1
12172,12161,1
12206,12202,1
12219,12246,1
12235,12236,1
12250,12249,1
12251,12247,1
12254,12246,1
12262,12274,1
12300,12297,1
12303,12308,1
12351,12350,1
12370,12371,1
12372,12373,1
12374,12368,1
12410,12411,1
12424,12423,1
12426,12428,1
12429,12423,1
12437,12435,1
12442,12438,1
12442,12440,1
12454,12446,1
12460,12456,1
12477,12474,1
12485,12482,1
12514,12513,1
12514,12515,1
12534,12535,1
12540,12539,1
12549,12551,1
12563,12558,1
12574,12573,1
12585,12588,1
12595,12599,1
12596,12598,1
12619,12618,1
12644,12647,1
12646,12644,1
12652,12644,1
12662,12659,1
12667,12674,1
12701,12703,1
12706,12704,1
12739,12735,1
12759,12757,1
12797,12801,1
12812,12813,1
12814,12817,1
12834,12839,1
12836,12839,1
12872,12874,1
12876,12868,1
12879,12880,1
12881,12882,1
12896,12900,1
12926,12930,1
12948,12947,1
13001,13005,1
13002,13000,1
13005,13002,1
13008,13009,1
13010,13008,1
13011,13010,1
13013,13012,1
13016,13017,1
13021,13020,1
13033,13035,1
13041,13039,1
13042,13044,1
13087,13086,1
13092,13091,1
13103,13107,1
13109,13108,1
13115,13129,1
13122,13124,1
13125,13128,1
13159,13162,1
13164,13157,1
13174,13176,1
13174,13181,1
13176,13177,1
13179,13180,1
13190,13192,1
13215,13216,1
13226,13222,1
13227,13233,1
13266,13269,1
13272,13270,1
13277,13275,1
13286,13287,1
13296,13299,1
13317,13314,1
13320,13319,1
13327,13330,1
13332,13333,1
13340,13341,1
13356,13355,1
13368,13367,1
13369,13368,1
13370,13371,2
13374,13377,1
13408,13412,1
13409,13407,1
13412,13410,1
13413,13417,1
13418,13422,1
13420,13421,1
13424,13425,1
13432,13430,1
13440,13439,1
13445,13444,1
13448,13447,1
13450,13451,1
13456,13455,1
13456,13457,1
13464,13467,1
13466,13467,1
13474,13477,1
13486,13487,1
13488,13490,1
13490,13491,1
13494,13495,1
13499,13501,1
13507,13506,1
13512,13509,1
13516,13517,1
13517,13516,1
13517,13518,1
13519,13518,1
13522,13518,1
13531,13532,1
13538,13540,1
13539,13536,1
13541,13540,1
13547,13548,1
13550,13551,1
13561,13560,1
13569,13572,1
13573,13570,1
13574,13573,1
13592,13593,1
13593,13587,1
13606,13607,1
13610,13612,1
13618,13614,1
13618,13619,1
13626,13627,1
13631,13630,1
13635,13636,1
13638,13636,1
13640,13643,1
13641,13640,1
13652,13654,1
13660,13657,1
13671,13673,1
13676,13678,1
13681,13680,1
13682,13681,1
13688,13692,1
13702,13703,1
13711,13712,1
13721,13719,1
13728,13725,1
13742,13744,1
13756,13762,1
13760,13756,1
13774,13772,1
13779,13777,1
13786,13790,1
13787,13789,1
13788,13791,1
13792,13791,1
13798,13799,1
13826,13825,1
13826,13828,1
13833,13836,1
13838,13835,1
13840,13841,1
13846,13847,1
13847,13843,1
13853,13852,1
13859,13860,1
13874,13873,1
13893,13895,1
13901,13904,1
13903,13896,1
13905,13902,1
13905,13904,1
13913,13914,1
13915,13916,1
13926,13929,1
13929,13930,1
13935,13932,1
13937,13934,1
13943,13942,1
13945,13944,1
13947,13946,1
13957,13958,1
13961,13957,1
13977,13980,1
13979,13978,1
13984,13985,1
13987,13988,1
13990,13988,1
13993,13994,1
13996,13998,1
14004,14003,1
14004,14005,1
14007,14004,1
14010,14011,2
14013,14014,1
14020,14021,1
14021,14022,1
14022,14023,1
14023,14027,1
14028,14029,1
14038,14036,1
14053,14054,1
14056,14057,1
14057,14061,1
14069,14070,1
14073,14077,1
14075,14076,1
14086,14084,1
14086,14087,1
14089,14088,1
14092,14093,1
14096,14097,1
14101,14103,1
14107,14106,2
14117,14116,1
14123,14124,1
14124,14123,1
14126,14124,1
14132,14131,1
14132,14134,1
14137,14141,1
14139,14136,1
14147,14150,1
14148,14146,1
14165,14163,1
14166,14165,1
14169,14170,1
14172,14168,1
14172,14175,1
14175,14174,1
14180,14179,1
14186,14184,1
14192,14193,1
14193,14194,1
14194,14193,1
14205,14204,1
14208,14206,1
14211,14212,1
14218,14217,2
14225,14221,1
14227,14225,1
14237,14238,1
14237,14241,1
14243,14244,1
14246,14244,1
14246,14247,1
14253,14251,1
14254,14253,1
14259,14260,1
14275,14277,1
14275,14278,1
14281,14280,1
14288,14287,1
14302,14305,1
14303,14302,1
14333,14332,1
14339,14338,1
14339,14340,1
14342,14341,1
14347,14345,1
14349,14350,1
14350,14351,1
14359,14358,1
14361,14362,1
14367,14368,1
14374,14372,1
14374,14375,1
14376,14377,1
14378,14379,1
14381,14382,1
14382,14381,1
14383,14384,1
14388,14386,1
14390,14391,1
14391,14390,1
14391,14392,1
14393,14392,1
14393,14394,1
14401,14402,1
14402,14401,1
14403,14402,1
14410,14409,1
14415,14416,1
14416,14417,1
14422,14421,1
14422,14423,1
14424,14423,1
14429,14427,1
14429,14430,1
14435,14436,1
14437,14438,1
14438,14439,1
14439,14438,2
14440,14439,1
14441,14442,1
14442,14443,1
14447,14446,2
14455,14454,1
14464,14466,1
14471,14470,1
14472,14471,1
14474,14475,1
14482,14483,1
14488,14487,1
14496,14495,1
14498,14497,1
14504,14503,1
14507,14506,1
14508,14507,1
14509,14510,1
14510,14511,1
14511,14510,1
14513,14514,1
14517,14516,2
14519,14518,1
14522,14520,1
14523,14521,1
14526,14525,1
14531,14532,1
14533,14531,1
14537,14538,1
14541,14540,1
14560,14561,1
14562,14563,1
14563,14561,1
14564,14565,1
14565,14564,1
14567,14565,1
14567,14568,1
14569,14570,2
14570,14569,1
14573,14575,1
14574,14575,2
14578,14577,1
14580,14579,1
14580,14581,1
14590,14591,1
14592,14591,1
14597,14596,1
14598,14597,1
14602,14601,1
14605,14606,1
14606,14605,1
14607,14606,1
14612,14611,1
14614,14613,1
14616,14615,2
14616,14617,2
14623,14622,1
14626,14624,1
14628,14627,1
14630,14629,1
14631,14629,1
14641,14640,1
14645,14644,1
14650,14648,1
14650,14652,1
14654,14653,1
14664,14663,1
14667,14665,1
14671,14670,1
14686,14685,1
14686,14687,1
14687,14686,1
14695,14694,1
14699,14700,1
14700,14701,1
14703,14702,1
14709,14710,1
14711,14712,2
14712,14713,1
14717,14716,1
14717,14718,1
14722,14720,1
14723,14721,1
14725,14724,1
14736,14735,1
14736,14738,1
14740,14738,1
14744,14743,1
14744,14746,1
14757,14758,1
14762,14761,1
14765,14767,1
14766,14765,1
14767,14765,1
14767,14766,1
14771,14770,1
14771,14772,1
14772,14771,1
14772,14773,1
14777,14776,1
14777,14778,1
14781,14783,1
14784,14783,1
14787,14786,1
14787,14788,2
14788,14789,1
14789,14788,1
14790,14788,1
14792,14793,1
14795,14793,1
14797,14796,1
14797,14798,1
14799,14798,1
14801,14800,1
14801,14802,1
14802,14803,1
14805,14806,1
14814,14813,1
14815,14816,1
14818,14816,1
14823,14822,2
14826,14827,1
14830,14831,1
14835,14836,1
14838,14839,1
14839,14840,1
14840,14841,1
14842,14841,1
14842,14843,1
14848,14847,1
14850,14848,1
14850,14849,1
14857,14856,1
14861,14860,1
14862,14864,1
14866,14865,1
14870,14871,1
14871,14872,1
14875,14876,1
14878,14880,1
14879,14880,1
14884,14883,1
14886,14887,1
14889,14890,1
14891,14890,1
14897,14896,1
14901,14899,1
14903,14902,1
14905,14906,1
14912,14909,1
14912,14913,1
14917,14918,1
14918,14917,1
14920,14919,1
14921,14922,1
14923,14922,1
14924,14926,1
14929,14930,1
14932,14930,1
14932,14933,1
14933,14932,2
14933,14934,1
14941,14942,1
14943,14942,1
14947,14946,1
14950,14949,1
14950,14951,1
14952,14954,1
14953,14954,1
14957,14955,1
14959,14958,1
14962,14961,1
14964,14962,1
14966,14965,1
14967,14966,1
14969,14968,1
14971,14970,1
14971,14972,1
14972,14970,1
14972,14974,1
14973,14974,1
14976,14977,1
14978,14977,1
14979,14980,1
14983,14982,1
14983,14984,1
14988,14985,1
14988,14991,1
14990,14991,1
14992,14991,1
14992,14993,2
14993,14992,1
14996,14997,1
15001,15002,1
15002,15001,1
15007,15006,1
15007,15008,1
15008,15010,2
15009,15010,1
15012,15011,1
15013,15014,2
15018,15017,1
15021,15023,1
15024,15025,1
15025,15023,1
15025,15026,1
15030,15031,2
15031,15032,1
15034,15033,1
15035,15036,1
15037,15036,1
15041,15040,1
15042,15044,1
15048,15047,1
15049,15050,1
15050,15048,1
15050,15049,1
15051,15052,1
15053,15054,2
15057,15056,1
15060,15061,1
15068,15066,1
15068,15069,1
15069,15067,1
15071,15072,1
15073,15071,1
15075,15076,1
15077,15076,1
15078,15080,1
15082,15083,1
15084,15083,2
15084,15085,1
15085,15086,1
15087,15088,1
15088,15087,1
15090,15089,2
15091,15093,1
15094,15093,3
15096,15095,1
15101,15100,1
15103,15104,1
15104,15103,1
15105,15106,1
15105,15107,1
15107,15108,1
15109,15108,1
15110,15109,1
15114,15113,1
15116,15118,1
15117,15118,2
15124,15125,1
15125,15126,1
15126,15124,1
15126,15129,1
15127,15126,2
15128,15129,2
15135,15137,1
15136,15137,1
15144,15143,2
15144,15145,1
15146,15145,1
15146,15147,1
15148,15147,1
15150,15151,1
15152,15151,1
15156,15157,1
15157,15159,1
15159,15157,1
15162,15161,1
15163,15162,1
15163,15164,1
15169,15167,1
15170,15172,1
15171,15170,1
15171,15172,1
15172,15173,1
15176,15175,1
15177,15178,1
15180,15181,1
15183,15182,1
15186,15185,2
15190,15187,1
15191,15190,1
15192,15191,1
15194,15192,1
15194,15193,1
15195,15194,1
15198,15197,1
15199,15198,1
15200,15201,1
15201,15203,1
15201,15204,1
15208,15210,1
15209,15210,1
15212,15211,1
15212,15213,1
15213,15214,1
15215,15214,1
15216,15215,1
15220,15221,2
15226,15225,1
15228,15227,3
15229,15228,1
15234,15238,1
15235,15233,1
15235,15234,1
15236,15237,1
15237,15236,1
15238,15239,1
15239,15240,1
15240,15239,1
15246,15244,1
15246,15245,1
15247,15245,1
15248,15247,1
15250,15249,1
15252,15254,1
15253,15254,1
15256,15258,1
15260,15259,1
15260,15261,1
15262,15263,1
15265,15266,1
15266,15267,1
15268,15267,1
15270,15269,1
15271,15272,1
15274,15273,1
15275,15274,1
15276,15275,1
15276,15277,1
15278,15277,2
15280,15279,1
15281,15280,1
15283,15282,1
15286,15287,1
15287,15288,1
15294,15296,1
15297,15296,1
15298,15296,1
15298,15299,1
15299,15301,1
15300,15299,1
15302,15301,1
15308,15309,1
15309,15310,1
15310,15311,1
15311,15310,1
15312,15314,1
15313,15312,1
15314,15313,1
15315,15316,2
15319,15318,1
15321,15320,1
15323,15322,1
15323,15324,1
15326,15330,1
15327,15326,1
15327,15328,1
15328,15329,1
15330,15328,1
15330,15331,1
15333,15332,2
15338,15340,1
15339,15340,1
15340,15339,2
15342,15340,1
15342,15343,1
15345,15346,1
15348,15347,1
15350,15348,1
15353,15354,1
15354,15356,1
15355,15353,1
15357,15356,1
15358,15356,1
15359,15358,1
15359,15360,1
15362,15361,1
15365,15364,1
15366,15365,1
15366,15367,2
15368,15367,1
15368,15369,1
15369,15370,2
15370,15369,1
15374,15372,1
15374,15373,1
15375,15374,1
15375,15376,1
15376,15377,1
15377,15376,1
15377,15378,1
15379,15380,1
15381,15380,1
15381,15382,2
15382,15381,1
15387,15386,1
15387,15388,1
15389,15388,1
15390,15391,1
15391,15390,1
15394,15393,1
15397,15396,1
15398,15397,1
15399,15398,1
15400,15399,3
15401,15402,1
15403,15404,1
15407,15406,1
15409,15408,1
15411,15410,1
15413,15414,2
15416,15415,1
15417,15416,1
15419,15418,1
15419,15420,2
15420,15421,1
15422,15423,1
15425,15426,1
15426,15427,1
15428,15429,1
15429,15428,1
15429,15430,1
15431,15432,2
15432,15431,1
15433,15434,1
15434,15433,1
15434,15435,1
15435,15433,1
15436,15435,1
15437,15438,1
15438,15437,1
15440,15441,1
15442,15443,1
15443,15444,2
15447,15445,1
15450,15449,1
15450,15451,2
15451,15452,1
15452,15453,1
15456,15455,2
15460,15459,1
15460,15461,1
15464,15463,1
15464,15465,1
15465,15464,2
15469,15468,1
15472,15471,1
15473,15472,1
15474,15473,1
15474,15475,2
15475,15476,1
15476,15475,1
15480,15479,1
15480,15481,1
15481,15480,1
15481,15482,1
15483,15482,1
15487,15488,1
15489,15488,1
15490,15491,2
15491,15492,1
15494,15493,1
15494,15495,1
15495,15494,1
15498,15499,1
15500,15499,1
15503,15502,1
15505,15504,1
15506,15505,1
15506,15507,1
15507,15506,1
15509,15510,1
15511,15510,1
15514,15515,1
15516,15515,1
15516,15517,1
15517,15518,2
15518,15519,1
15521,15522,1
15522,15523,1
15523,15524,1
15526,15527,1
15527,15528,1
15528,15529,2
15529,15530,2
15531,15532,1
15532,15531,1
15533,15534,1
15534,15533,1
15534,15535,1
15536,15535,3
15537,15536,2
15538,15537,1
15538,15539,3
15541,15540,1
15542,15541,1
15543,15542,1
15543,15544,2
15544,15545,1
15546,15545,2
15548,15549,1
15549,15548,1
15549,15550,1
15552,15551,2
15553,15552,1
15554,15553,1
15554,15555,1
15555,15554,2
15557,15556,1
15559,15560,1
15562,15561,1
15563,15562,1
15565,15564,1
15567,15568,1
15573,15572,1
15573,15574,1
15574,15573,2
15574,15575,2
15576,15575,2
15576,15577,1
15577,15576,1
15579,15580,2
15580,15581,1
15581,15580,1
15584,15585,1
15585,15584,1
15588,15589,1
15590,15589,1
15590,15591,1
15591,15590,1
15592,15591,1
15592,15593,1
15595,15594,2
15596,15595,1
15596,15597,1
15598,15599,1
15599,15598,1
15599,15600,1
15600,15599,1
15600,15601,1
15607,15606,1
15607,15608,1
15608,15609,1
15609,15608,2
15609,15610,2
15610,15609,2
15610,15611,1
15613,15614,1
15615,15616,2
15616,15617,1
15617,15616,1
15619,15618,1
15620,15618,1
15620,15621,1
15622,15621,1
15622,15623,3
15623,15622,3
15624,15625,1
15625,15624,1
15625,15626,1
15626,15625,1
15627,15628,2
15628,15629,1
15629,15630,1
15630,15629,1
15632,15633,1
15636,15635,1
15636,15637,1
15637,15636,1
15642,15641,2
15642,15643,2
15643,15642,1
15644,15643,1
15644,15645,2
15645,15644,1
15647,15646,1
15647,15649,1
15650,15651,2
15652,15653,1
15653,15654,1
15654,15655,1
15655,15654,1
15657,15656,1
15657,15658,1
15658,15659,1
15660,15661,1
15661,15662,1
15663,15661,1
15664,15663,2
15665,15666,1
15666,15665,1
15667,15668,1
15668,15667,1
15669,15670,3
15671,15672,1
15672,15673,1
15673,15672,1
15674,15673,1
15675,15674,1
15675,15676,2
15676,15675,1
15676,15677,1
15677,15678,1
15678,15677,3
15678,15679,1
15679,15678,1
15680,15679,1
15680,15681,1
15682,15681,1
15682,15683,1
15683,15682,2
15683,15684,2
15684,15683,1
15684,15685,1
15685,15684,1
15686,15687,2
15687,15686,1
15689,15690,2
15694,15693,1
15696,15695,1
15696,15697,1
15698,15697,3
15698,15699,3
15699,15698,1
15700,15701,1
15702,15701,1
15703,15702,2
15703,15704,1
15704,15705,1
15705,15704,2
15706,15705,2
15706,15707,1
15708,15709,1
15709,15710,1
15710,15709,1
15711,15710,1
15711,15712,2
15713,15712,2
15713,15714,2
15714,15713,1
15715,15716,1
15716,15715,1
15717,15716,1
15718,15719,1
15721,15720,1
15721,15722,1
15722,15721,1
15722,15723,1
15725,15726,1
15727,15726,4
15727,15728,1
15728,15727,1
15728,15729,1
15729,15730,1
15732,15731,2
15733,15734,2
15734,15735,1
15735,15734,1
15735,15736,1
15736,15735,1
15736,15737,1
15737,15736,1
15740,15739,3
15745,15744,1
15745,15746,1
15746,15745,1
15748,15749,1
15751,15750,2
15751,15752,1
15754,15755,1
15755,15756,1
15756,15755,1
15756,15757,1
15757,15756,3
15758,15757,1
15758,15759,1
15759,15758,1
15759,15760,1
15761,15762,1
15761,15763,1
15763,15762,1
15764,15763,1
15765,15764,1
15765,15766,2
15767,15768,1
15768,15767,2
15768,15769,1
15769,15770,2
15770,15771,1
15771,15770,1
15773,15774,1
15774,15775,1
15776,15775,2
15776,15777,3
15777,15775,1
15777,15776,1
15778,15779,1
15779,15778,1
15779,15780,2
15781,15780,1
15784,15783,2
15784,15785,2
15786,15785,1
15787,15786,1
15787,15788,1
15788,15787,1
15789,15788,1
15792,15793,1
15793,15792,2
15794,15793,2
15795,15796,2
15797,15796,1
15798,15799,1
15799,15798,3
15799,15800,1
15800,15802,1
15802,15801,1
15802,15803,1
15804,15805,1
15805,15806,1
15806,15805,2
15807,15806,1
15807,15808,1
15808,15809,2
15809,15808,1
15812,15811,2
15812,15813,2
15814,15813,1
15814,15815,2
15815,15816,2
15816,15815,1
15817,15818,2
15819,15818,2
15819,15820,2
15820,15819,1
15821,15822,1
15823,15822,4
15824,15823,1
15824,15825,1
15825,15824,1
15825,15826,1
15826,15825,1
15827,15828,1
15828,15829,1
15830,15829,2
15830,15831,1
15831,15832,1
15832,15831,1
15834,15835,3
15836,15837,2
15836,15838,1
15837,15838,1
15839,15838,1
15840,15841,1
15841,15840,1
15841,15842,1
15843,15842,1
15844,15843,1
15844,15845,1
15845,15844,1
15845,15846,2
15846,15847,1
15847,15846,2
15847,15848,2
15848,15847,2
15848,15849,1
15850,15848,1
15850,15849,1
15850,15851,1
15851,15850,3
15853,15855,1
15855,15856,1
15857,15858,1
15858,15857,2
15859,15858,1
15859,15860,1
15861,15862,1
15863,15862,1
15863,15864,2
15864,15863,1
15866,15865,1
15867,15866,2
15870,15871,1
15871,15873,1
15874,15873,2
15874,15875,1
15875,15874,1
15876,15875,1
15878,15877,1
15880,15879,2
15881,15880,2
15882,15881,1
15882,15883,1
15883,15882,1
15884,15883,1
15885,15884,2
15887,15888,1
15889,15888,2
15889,15890,1
15890,15889,2
15890,15891,1
15891,15892,2
15892,15891,1
15892,15893,1
15893,15891,1
15893,15894,1
15894,15893,1
15894,15895,1
15895,15896,1
15897,15898,1
15899,15898,2
15901,15900,2
15901,15902,1
15902,15901,1
15902,15903,1
15903,15902,1
15904,15903,3
15905,15906,1
15906,15905,1
15906,15907,1
15906,15908,1
15907,15906,1
15907,15908,1
15908,15907,1
15908,15909,1
15909,15907,1
15909,15910,3
15910,15909,1
15911,15912,3
15912,15911,2
15913,15912,1
15913,15914,1
15914,15915,3
15916,15915,1
15916,15917,1
15917,15916,1
15917,15919,1
15918,15917,3
15918,15919,1
15920,15921,1
15921,15920,1
15922,15921,1
15925,15926,1
15926,15925,1
15928,15927,1
15928,15929,1
15929,15928,1
15929,15930,1
15930,15929,1
15932,15931,1
15932,15933,2
15935,15934,1
15935,15936,1
15936,15937,1
15937,15938,1
15938,15937,2
15938,15939,1
15939,15938,1
15939,15940,1
15940,15939,3
15941,15940,1
15942,15943,1
15946,15947,2
15947,15946,1
15947,15948,1
15948,15947,4
15948,15949,1
15949,15948,1
15949,15950,3
15950,15951,2
15951,15950,1
15952,15953,1
15953,15952,1
15954,15953,1
15954,15955,2
15955,15956,1
15956,15955,1
15956,15958,1
15957,15956,2
15957,15958,1
15958,15957,2
15958,15959,2
15959,15957,1
15959,15958,1
15959,15960,4
15960,15959,1
15960,15961,1
15961,15960,2
15961,15962,1
15962,15961,1
15962,15963,1
15964,15965,1
15966,15967,2
15967,15966,1
15967,15968,2
15968,15967,1
15968,15969,2
15969,15968,2
15969,15970,2
15971,15972,1
15973,15974,1
15974,15975,5
15975,15974,1
15976,15975,1
15977,15975,1
15978,15979,1
15979,15978,2
15979,15980,1
15981,15982,1
15982,15981,1
15982,15983,1
15982,15984,1
15983,15984,1
15984,15983,4
15984,15985,1
15985,15984,2
15987,15986,2
15987,15988,2
15989,15988,2
15989,15990,1
15990,15989,2
15991,15992,1
15992,15993,2
15993,15992,2
15994,15995,1
15995,15994,2
15995,15996,1
15996,15997,4
15998,15997,1
16000,15999,1
16001,16000,1
16002,16003,1
16003,16002,1
16003,16004,2
16004,16003,1
16005,16006,1
16006,16005,1
16007,16008,2
16008,16007,2
16008,16009,1
16009,16008,1
16009,16010,3
16010,16011,1
16012,16011,1
16013,16012,2
16014,16013,3
16015,16014,1
16015,16016,1
16018,16019,1
16019,16020,1
16020,16021,2
16021,16020,1
16021,16022,1
16022,16023,1
16023,16024,1
16024,16023,1
16024,16025,1
16025,16024,2
16025,16026,2
16026,16025,1
16026,16027,1
16027,16026,1
16028,16027,1
16028,16029,2
16029,16028,1
16029,16030,1
16031,16030,1
16031,16032,2
16033,16034,3
16034,16033,1
16034,16035,3
16036,16037,1
16037,16036,1
16038,16037,2
16038,16039,2
16039,16038,2
16039,16040,1
16040,16041,4
16041,16042,2
16042,16041,1
16043,16042,1
16044,16045,2
16045,16044,1
16045,16046,2
16046,16047,1
16047,16048,1
16048,16046,1
16048,16047,1
16049,16048,1
16049,16050,2
16050,16051,2
16051,16050,2
16051,16052,1
16052,16051,1
16052,16053,5
16053,16054,3
16054,16053,2
16055,16056,1
16056,16057,2
16057,16056,1
16058,16057,1
16058,16059,2
16059,16058,1
16059,16060,1
16061,16060,1
16062,16061,2
16062,16063,2
16063,16062,1
16064,16063,2
16064,16065,1
16065,16064,2
16065,16066,2
16066,16065,2
16066,16067,2
16067,16066,2
16068,16067,1
16068,16069,2
16069,16068,1
16069,16070,2
16070,16069,1
16070,16071,1
16071,16072,2
16072,16073,1
16074,16073,1
16075,16074,1
16075,16076,1
16075,16077,1
16076,16075,1
16077,16076,1
16077,16078,2
16079,16078,2
16080,16079,2
16080,16081,1
16081,16080,3
16081,16082,2
16082,16081,1
16082,16083,1
16083,16082,1
16083,16084,1
16084,16083,1
16084,16085,1
16086,16085,1
16086,16087,2
16087,16086,2
16088,16087,1
16088,16089,2
16089,16088,1
16089,16090,1
16092,16091,2
16093,16094,2
16094,16095,1
16096,16095,1
16096,16097,1
16098,16097,2
16099,16100,2
16100,16099,1
16100,16101,1
16101,16100,3
16103,16104,2
16104,16103,2
16104,16105,2
16105,16106,2
16105,16107,1
16106,16107,1
16107,16108,2
16108,16107,3
16108,16109,3
16109,16110,1
16110,16109,1
16111,16110,1
16112,16111,1
16112,16113,5
16114,16113,3
16115,16114,1
16115,16116,1
16116,16115,2
16116,16118,1
16117,16116,4
16117,16118,1
16118,16117,1
16119,16118,1
16119,16120,1
16120,16119,4
16120,16121,1
16121,16120,1
16121,16122,1
16122,16121,1
16122,16123,2
16123,16122,1
16123,16124,2
16124,16123,1
16124,16125,1
16125,16126,1
16126,16125,1
16126,16127,2
16127,16126,2
16127,16128,3
16128,16127,2
16128,16129,2
16129,16128,1
16129,16130,3
16130,16129,1
16130,16131,2
16131,16129,1
16131,16130,1
16131,16132,3
16133,16131,1
16133,16132,1
16133,16134,1
16134,16133,1
16135,16134,1
16136,16135,1
16136,16137,2
16137,16138,1
16138,16137,2
16138,16139,1
16139,16138,3
16139,16140,1
16140,16139,1
16140,16141,1
16141,16140,1
16141,16142,3
16142,16141,1
16142,16143,2
16143,16144,3
16144,16143,1
16144,16145,2
16145,16144,1
16146,16145,1
16147,16146,2
16147,16148,1
16148,16149,2
16149,16148,1
16149,16150,2
16150,16149,1
16150,16151,4
16151,16150,1
16152,16151,1
16152,16153,2
16153,16154,3
16154,16155,1
16155,16154,2
16155,16156,1
16156,16155,3
16156,16157,1
16157,16156,1
16160,16161,4
16161,16160,1
16162,16161,1
16163,16162,1
16164,16163,1
16165,16164,4
16165,16166,1
16166,16165,2
16166,16167,2
16167,16166,1
16167,16168,1
16168,16167,1
16168,16169,3
16169,16168,2
16169,16170,2
16170,16169,1
16170,16171,3
16172,16173,1
16173,16172,2
16174,16173,1
16176,16177,2
16178,16177,1
16179,16178,1
16179,16180,1
16180,16179,1
16180,16181,3
16181,16180,1
16181,16182,1
16183,16182,2
16184,16185,2
16186,16184,1
16186,16185,3
16187,16186,3
16188,16187,4
16188,16189,3
16189,16188,2
16189,16190,1
16190,16189,3
16190,16191,1
16191,16190,2
16191,16192,2
16192,16191,1
16192,16193,2
16193,16192,1
16193,16194,2
16194,16195,3
16195,16196,1
16196,16195,1
16196,16197,2
16197,16196,1
16197,16198,4
16198,16199,1
16199,16200,2
16200,16199,1
16200,16201,2
16201,16202,2
16202,16201,1
16202,16203,1
16203,16202,1
16203,16204,1
16204,16203,1
16205,16204,2
16205,16206,1
16206,16205,1
16206,16207,2
16207,16206,1
16207,16208,1
16210,16209,1
16210,16211,1
16211,16210,3
16212,16210,1
16212,16211,3
16212,16213,1
16213,16211,1
16213,16212,1
16213,16214,3
16214,16213,2
16214,16215,1
16215,16214,1
16215,16216,2
16216,16215,2
16216,16217,1
16217,16216,1
16218,16217,2
16218,16219,3
16219,16218,2
16219,16220,1
16220,16219,1
16220,16221,1
16221,16220,2
16221,16222,2
16222,16221,1
16223,16224,2
16224,16225,4
16225,16224,1
16225,16226,1
16226,16227,2
16226,16228,1
16227,16226,3
16227,16228,2
16228,16227,2
16228,16229,3
16229,16228,1
16229,16230,1
16230,16229,1
16230,16232,1
16231,16230,2
16232,16231,2
16233,16232,1
16234,16232,1
16234,16235,1
16235,16234,2
16235,16236,1
16236,16235,1
16237,16238,2
16238,16237,1
16238,16239,2
16239,16238,2
16240,16239,3
16240,16241,1
16241,16242,2
16242,16241,1
16242,16243,1
16243,16242,1
16243,16244,4
16245,16244,2
16245,16246,3
16246,16245,2
16248,16247,5
16248,16249,1
16249,16248,2
16249,16250,2
16250,16249,2
16250,16251,1
16251,16252,3
16252,16251,1
16252,16253,2
16253,16252,3
16254,16253,1
16254,16255,2
16255,16254,2
16256,16255,2
16256,16257,4
16257,16256,1
16257,16258,2
16258,16257,2
16259,16258,1
16260,16259,2
16260,16261,2
16261,16260,2
16261,16262,2
16262,16261,3
16262,16263,2
16263,16262,2
16263,16264,2
16264,16263,1
16264,16265,2
16265,16264,3
16266,16265,1
16266,16267,1
16266,16268,1
16267,16266,4
16267,16268,2
16268,16269,1
16269,16268,1
16269,16270,1
16270,16269,1
16270,16271,1
16271,16270,4
16271,16272,6
16272,16271,2
16272,16273,3
16273,16272,2
16273,16274,3
16274,16273,2
16274,16275,3
16275,16274,4
16275,16276,2
16276,16275,3
16276,16277,2
16277,16276,2
16277,16278,1
16278,16277,4
16278,16279,2
16279,16278,3
16279,16280,3
16280,16279,3
16280,16281,1
16281,16280,1
16282,16283,2
16283,16282,2
16283,16284,1
16284,16285,4
16285,16284,1
16285,16286,2
16286,16287,3
16287,16286,1
16287,16288,1
16288,16287,1
16289,16290,2
16290,16289,2
16290,16291,1
16291,16290,1
16291,16292,1
16292,16293,1
16293,16292,1
16293,16294,1
16294,16293,1
16294,16295,1
16295,16294,2
16295,16296,2
16296,16295,1
16296,16297,2
16297,16298,1
16298,16299,1
16299,16298,2
16299,16300,2
16300,16301,2
16301,16300,2
16301,16302,2
16302,16301,1
16302,16303,1
16303,16302,2
16303,16304,2
16304,16303,1
16304,16305,2
16305,16304,1
16305,16306,1
16306,16305,2
16307,16308,2
16308,16307,1
16309,16308,1
16309,16310,1
16310,16311,1
16311,16310,1
16312,16311,1
16312,16313,1
16313,16312,1
16314,16313,1
16315,16314,1
16315,16316,2
16316,16315,1
16316,16317,1
16317,16316,4
16317,16318,2
16317,16319,1
16318,16319,1
16319,16318,2
16319,16320,1
16320,16319,1
16320,16321,1
16321,16320,2
16321,16322,2
16322,16321,1
16322,16323,1
16323,16324,1
16324,16323,1
16324,16325,5
16325,16324,1
16325,16326,3
16326,16325,1
16326,16327,1
16327,16328,2
16328,16327,2
16328,16329,5
16329,16330,2
16331,16330,5
16332,16331,3
16333,16332,2
16334,16333,3
16334,16335,3
16335,16334,1
16335,16336,2
16336,16335,1
16336,16337,2
16337,16336,1
16337,16338,4
16338,16337,1
16338,16339,1
16339,16338,2
16339,16340,1
16340,16339,1
16340,16341,4
16341,16340,1
16342,16341,2
16342,16343,1
16343,16342,2
16344,16343,1
16344,16345,3
16345,16344,2
16345,16346,2
16346,16345,1
16346,16347,1
16348,16347,2
16349,16348,1
16349,16350,1
16350,16349,1
16350,16351,1
16351,16350,2
16351,16352,3
16352,16353,3
16353,16352,3
16353,16354,1
16354,16353,5
16354,16355,3
16355,16353,1
16355,16354,2
16356,16355,3
16356,16357,2
16357,16356,1
16357,16358,4
16358,16357,1
16358,16359,3
16359,16358,1
16360,16358,1
16360,16361,1
16361,16360,1
16362,16361,2
16362,16363,5
16363,16362,1
16364,16365,2
16364,16366,1
16365,16364,3
16365,16366,2
16367,16368,4
16368,16367,2
16368,16369,3
16369,16368,1
16369,16370,2
16370,16369,2
16371,16372,4
16372,16373,1
16373,16372,1
16373,16374,1
16374,16373,1
16375,16374,2
16376,16375,3
16377,16378,1
16378,16377,4
16379,16378,2
16380,16379,3
16380,16381,1
16381,16380,2
16381,16382,3
16382,16381,4
16383,16384,1
16384,16383,3
16384,16385,2
16385,16386,1
16386,16385,7
16386,16387,2
16387,16386,1
16388,16389,2
16389,16388,2
16390,16389,2
16390,16391,1
16391,16390,1
16392,16391,1
16392,16393,4
16393,16392,2
16394,16393,3
16395,16396,1
16396,16397,2
16397,16396,2
16397,16398,2
16398,16397,3
16398,16399,1
16399,16398,2
16399,16400,2
16400,16399,1
16400,16401,2
16401,16400,1
16402,16403,4
16403,16402,1
16403,16404,1
16404,16403,2
16404,16405,4
16405,16404,3
16406,16405,1
16406,16407,3
16407,16406,6
16407,16408,2
16408,16407,2
16408,16409,1
16409,16408,1
16409,16410,1
16410,16409,1
16410,16411,4
16411,16410,2
16411,16412,1
16412,16411,2
16412,16413,1
16413,16412,2
16413,16414,3
16414,16413,3
16414,16415,2
16415,16416,3
16416,16417,2
16417,16416,2
16417,16418,4
16418,16417,2
16418,16419,2
16419,16418,1
16419,16420,3
16420,16419,2
16420,16421,1
16421,16420,2
16421,16422,1
16422,16421,2
16422,16423,2
16424,16423,3
16425,16424,1
16425,16426,2
16426,16425,1
16426,16427,1
16427,16428,1
16428,16427,1
16428,16429,1
16429,16428,3
16429,16430,1
16430,16429,4
16430,16431,2
16431,16432,5
16432,16431,1
16432,16433,1
16433,16432,2
16433,16434,4
16434,16433,1
16434,16435,1
16435,16434,2
16436,16437,1
16437,16436,1
16437,16438,2
16438,16437,1
16438,16439,1
16439,16438,2
16439,16440,2
16440,16439,2
16440,16441,2
16441,16440,1
16442,16441,3
16442,16443,1
16443,16442,2
16443,16444,1
16444,16445,3
16445,16446,3
16446,16445,2
16446,16447,1
16447,16446,2
16447,16448,2
16448,16447,1
16448,16449,3
16449,16448,1
16449,16450,1
16450,16449,2
16450,16451,5
16451,16450,1
16452,16451,1
16452,16453,1
16453,16452,2
16453,16454,2
16454,16453,3
16454,16455,3
16455,16456,1
16456,16457,1
16457,16456,1
16457,16458,4
16458,16457,1
16458,16459,3
16459,16458,4
16459,16460,2
16460,16459,1
16461,16460,1
16461,16462,1
16462,16463,2
16463,16462,3
16464,16463,1
16464,16465,3
16465,16464,1
16465,16466,3
16466,16465,1
16466,16467,4
16467,16466,3
16467,16468,3
16468,16469,1
16469,16468,1
16470,16469,2
16470,16471,4
16471,16470,1
16471,16472,4
16472,16471,2
16472,16473,3
16473,16472,5
16473,16474,1
16474,16473,1
16474,16475,4
16476,16477,3
16477,16476,2
16477,16478,1
16478,16477,1
16478,16479,2
16479,16478,3
16479,16480,1
16480,16479,2
16480,16481,4
16481,16480,2
16481,16482,1
16482,16481,1
16482,16483,1
16483,16482,2
16484,16485,3
16485,16484,2
16485,16486,4
16486,16485,1
16486,16487,1
16487,16486,4
16488,16487,2
16488,16489,3
16489,16490,3
16491,16492,2
16492,16491,2
16492,16493,3
16493,16492,4
16493,16494,4
16494,16493,2
16494,16495,3
16495,16494,3
16495,16496,3
16496,16495,2
16496,16497,4
16497,16496,1
16497,16498,2
16498,16497,1
16499,16498,3
16499,16500,3
16500,16499,4
16500,16501,1
16501,16500,2
16501,16502,3
16502,16501,3
16503,16502,1
16503,16504,4
16504,16505,1
16505,16506,2
16506,16507,2
16507,16508,4
16508,16507,2
16508,16509,2
16509,16508,3
16509,16510,2
16510,16509,4
16511,16510,3
16511,16512,2
16512,16511,2
16512,16513,4
16513,16512,1
16513,16514,3
16514,16515,1
16515,16514,2
16515,16516,4
16516,16515,2
16516,16517,3
16517,16516,2
16518,16517,3
16518,16519,4
16519,16518,3
16519,16520,2
16520,16519,1
16520,16521,6
16521,16520,2
16521,16522,3
16522,16521,1
16523,16522,1
16523,16524,2
16524,16523,2
16524,16525,1
16525,16524,1
16525,16526,1
16526,16525,1
16526,16527,2
16527,16526,3
16527,16528,2
16528,16527,2
16528,16529,2
16529,16528,5
16530,16529,1
16530,16531,4
16531,16530,3
16531,16532,6
16532,16531,3
16532,16533,6
16533,16534,2
16534,16533,3
16534,16535,2
16535,16534,4
16535,16536,2
16536,16535,4
16536,16537,2
16537,16536,4
16537,16538,4
16538,16537,1
16538,16539,1
16539,16538,2
16540,16541,1
16541,16542,1
16542,16541,4
16542,16543,1
16543,16542,2
16543,16544,4
16544,16543,2
16544,16545,1
16545,16544,1
16545,16546,2
16546,16547,1
16547,16546,6
16547,16548,1
16548,16547,2
16549,16548,3
16549,16550,3
16550,16549,1
16550,16551,4
16551,16552,1
16553,16552,4
16553,16554,2
16554,16555,5
16555,16554,2
16555,16556,3
16556,16555,3
16556,16557,1
16557,16556,2
16557,16558,2
16558,16557,4
16558,16559,4
16559,16558,1
16559,16560,1
16560,16559,2
16560,16561,2
16561,16560,2
16561,16562,2
16562,16561,2
16562,16563,3
16563,16564,2
16564,16563,2
16564,16565,2
16565,16564,5
16565,16566,2
16566,16565,3
16566,16567,2
16567,16566,2
16567,16568,2
16568,16567,4
16568,16569,2
16569,16568,2
16570,16569,4
16570,16571,4
16571,16570,3
16571,16572,1
16572,16573,2
16573,16574,3
16574,16573,1
16574,16575,2
16575,16574,1
16575,16576,1
16576,16577,2
16577,16576,4
16577,16578,1
16578,16577,2
16578,16579,1
16579,16578,3
16579,16580,3
16580,16581,5
16581,16582,3
16582,16581,3
16582,16583,3
16583,16582,4
16584,16583,3
16584,16585,1
16585,16584,1
16585,16586,2
16586,16585,2
16586,16587,1
16587,16586,3
16587,16588,2
16588,16587,1
16588,16589,4
16589,16588,3
16589,16590,1
16590,16589,6
16590,16591,5
16591,16590,2
16591,16592,3
16592,16593,2
16593,16594,2
16594,16593,2
16594,16595,1
16595,16594,6
16595,16596,3
16596,16595,4
16596,16597,1
16597,16596,1
16597,16598,3
16598,16597,1
16598,16599,5
16599,16598,2
16599,16600,2
16600,16599,3
16600,16601,3
16601,16600,4
16601,16602,1
16602,16601,1
16602,16603,2
16603,16602,2
16603,16604,2
16604,16603,4
16604,16605,5
16605,16604,1
16605,16606,1
16606,16605,1
16606,16607,2
16607,16606,3
16607,16608,2
16608,16607,4
16608,16609,2
16609,16608,5
16609,16610,1
16610,16609,3
16610,16611,2
16611,16610,2
16611,16612,1
16612,16611,1
16612,16613,2
16613,16612,6
16613,16614,5
16614,16613,2
16614,16615,2
16615,16614,1
16615,16616,4
16616,16615,2
16616,16617,2
16617,16616,4
16617,16618,1
16618,16617,1
16618,16619,2
16619,16618,2
16620,16619,1
16620,16621,3
16621,16620,3
16621,16622,2
16622,16621,4
16622,16623,3
16623,16622,2
16623,16624,2
16624,16623,2
16625,16624,2
16625,16626,3
16626,16625,2
16627,16626,1
16627,16628,4
16628,16627,3
16628,16629,1
16629,16628,1
16629,16630,2
16630,16629,4
16630,16631,4
16631,16630,1
16631,16632,4
16632,16631,1
16632,16633,1
16633,16632,2
16633,16634,4
16634,16633,2
16634,16635,2
16635,16634,2
16635,16636,2
16637,16636,1
16637,16638,5
16638,16637,1
16638,16639,1
16639,16638,3
16639,16640,2
16640,16641,3
16641,16640,5
16641,16642,5
16642,16641,3
16642,16643,1
16643,16642,4
16643,16644,3
16644,16643,2
16644,16645,1
16645,16644,4
16646,16645,3
16646,16647,3
16647,16646,1
16647,16648,4
16648,16647,4
16648,16649,2
16649,16648,3
16649,16650,3
16650,16649,1
16651,16650,2
16651,16652,2
16652,16653,1
16653,16652,4
16653,16654,4
16654,16653,2
16654,16655,5
16655,16654,2
16655,16656,1
16656,16655,2
16656,16657,2
16657,16656,2
16657,16658,3
16658,16657,1
16658,16659,1
16659,16658,4
16659,16660,2
16660,16659,1
16660,16661,1
16661,16662,3
16662,16661,1
16662,16663,2
16663,16662,1
16663,16664,4
16664,16663,3
16664,16665,4
16665,16664,1
16665,16666,1
16666,16667,4
16667,16666,1
16667,16668,1
16668,16667,1
16668,16669,4
16669,16668,1
16669,16670,1
16670,16669,2
16670,16671,1
16671,16670,5
16671,16672,2
16672,16671,2
16672,16673,5
16673,16672,2
16673,16674,3
16674,16673,2
16674,16675,3
16675,16674,3
16675,16676,1
16676,16675,3
16676,16677,1
16677,16676,2
16677,16678,3
16678,16677,2
16678,16679,1
16679,16678,1
16679,16680,4
16680,16681,3
16681,16680,4
16681,16682,3
16682,16681,2
16682,16683,5
16683,16682,5
16683,16684,1
16684,16683,3
16684,16685,1
16685,16684,2
16686,16685,4
16686,16687,1
16687,16686,1
16688,16689,2
16689,16688,2
16689,16690,3
16690,16689,3
16690,16691,1
16691,16690,4
16691,16692,3
16692,16691,1
16692,16693,3
16693,16692,4
16693,16694,2
16694,16693,2
16694,16695,2
16695,16694,4
16695,16696,2
16696,16695,1
16696,16697,5
16697,16696,3
16698,16697,3
16698,16699,4
16699,16698,3
16700,16699,4
16700,16701,1
16701,16700,2
16701,16702,2
16702,16701,3
16703,16704,4
16704,16703,2
16705,16704,1
16705,16706,3
16706,16705,4
16706,16707,3
16707,16706,1
16707,16708,3
16708,16707,1
16708,16709,2
16709,16708,1
16709,16710,1
16710,16709,6
16710,16711,5
16711,16710,3
16711,16712,3
16713,16712,4
16713,16714,3
16714,16713,2
16714,16715,5
16715,16714,2
16715,16716,1
16716,16715,4
16716,16717,1
16717,16716,2
16717,16718,4
16718,16717,1
16718,16719,2
16719,16718,1
16719,16720,2
16720,16719,4
16720,16721,2
16721,16720,1
16721,16722,3
16722,16721,1
16722,16723,4
16723,16722,3
16723,16724,5
16724,16723,1
16724,16725,4
16725,16724,1
16725,16726,1
16726,16725,1
16726,16727,1
16727,16726,1
16727,16728,3
16728,16727,6
16728,16729,3
16729,16728,4
16729,16730,3
16730,16729,2
16730,16731,4
16731,16730,3
16731,16732,5
16732,16731,1
16732,16733,4
16733,16732,1
16733,16734,2
16734,16733,4
16735,16734,5
16735,16736,3
16736,16735,3
16736,16737,2
16737,16736,3
16737,16738,4
16738,16737,2
16738,16739,4
16739,16738,1
16739,16740,2
16740,16739,2
16740,16741,4
16741,16740,1
16741,16742,5
16742,16741,1
16742,16743,6
16743,16742,1
16743,16744,1
16744,16743,1
16744,16745,5
16745,16744,3
16745,16746,2
16746,16745,1
16746,16747,1
16747,16746,3
16747,16748,4
16748,16747,3
16749,16748,2
16749,16750,7
16750,16749,3
16750,16751,1
16751,16750,3
16751,16752,3
16752,16751,5
16752,16753,3
16753,16752,4
16753,16754,3
16754,16753,2
16754,16755,5
16755,16754,1
16755,16756,2
16756,16755,2
16756,16757,1
16757,16756,3
16757,16758,3
16758,16757,2
16758,16759,5
16759,16758,3
16759,16760,4
16760,16759,5
16760,16761,4
16761,16760,1
16761,16762,1
16762,16761,1
16762,16763,2
16763,16762,3
16763,16764,2
16764,16763,2
16764,16765,4
16765,16764,5
16765,16766,2
16766,16765,3
16766,16767,2
16767,16766,4
16768,16767,2
16768,16769,2
16769,16768,1
16769,16770,4
16770,16771,3
16771,16770,1
16771,16772,2
16772,16771,4
16773,16772,1
16773,16774,4
16774,16773,5
16774,16775,2
16775,16774,2
16775,16776,1
16776,16775,1
16776,16777,3
16777,16776,2
16777,16778,2
16778,16777,2
16779,16778,1
16779,16780,4
16780,16779,4
16781,16782,1
16782,16781,1
16782,16783,2
16783,16782,4
16783,16784,1
16784,16783,2
16784,16785,1
16785,16784,1
16785,16786,1
16786,16785,2
16786,16787,2
16787,16786,5
16787,16788,4
16788,16787,1
16788,16789,4
16789,16790,1
16790,16789,2
16790,16791,1
16791,16790,8
16791,16792,1
16792,16791,7
16792,16793,2
16793,16794,1
16794,16793,2
16794,16795,2
16795,16794,3
16795,16796,2
16796,16795,2
16796,16797,3
16797,16796,4
16797,16798,2
16798,16797,2
16798,16799,2
16799,16798,1
16799,16800,1
16800,16799,4
16800,16801,5
16801,16800,2
16801,16802,4
16802,16801,2
16802,16803,1
16803,16804,2
16804,16803,1
16804,16805,3
16805,16804,5
16805,16806,2
16806,16805,2
16806,16807,7
16807,16806,2
16807,16808,3
16808,16807,1
16808,16809,1
16809,16808,2
16809,16810,4
16810,16811,1
16811,16810,3
16811,16812,4
16812,16813,2
16813,16812,3
16813,16814,3
16814,16813,2
16814,16815,2
16815,16814,3
16815,16816,4
16816,16815,2
16816,16817,3
16817,16816,5
16817,16818,1
16818,16817,3
16818,16819,1
16819,16818,2
16819,16820,2
16820,16819,3
16820,16821,4
16821,16820,3
16822,16821,1
16823,16822,4
16823,16824,2
16824,16823,2
16824,16825,2
16825,16826,2
16826,16825,2
16826,16827,3
16827,16826,5
16827,16828,2
16828,16827,7
16828,16829,5
16829,16828,2
16829,16830,5
16830,16829,3
16830,16831,5
16831,16830,5
16831,16832,3
16832,16831,2
16832,16833,1
16833,16832,2
16833,16834,2
16834,16833,1
16834,16835,4
16835,16834,1
16835,16836,4
16836,16835,2
16837,16836,3
16837,16838,2
16838,16837,3
16838,16839,1
16839,16838,1
16840,16839,3
16840,16841,4
16841,16840,2
16841,16842,3
16842,16841,5
16842,16843,4
16843,16842,3
16843,16844,5
16844,16843,1
16845,16844,4
16845,16846,2
16846,16845,5
16846,16847,5
16847,16846,2
16847,16848,5
16848,16847,2
16848,16849,2
16849,16848,1
16849,16850,1
16850,16849,2
16850,16851,4
16851,16850,3
16851,16852,2
16852,16851,1
16852,16853,3
16853,16854,3
16854,16853,2
16854,16855,2
16855,16854,4
16855,16856,4
16856,16855,1
16856,16857,4
16857,16856,4
16857,16858,2
16858,16857,4
16858,16859,4
16859,16858,5
16859,16860,2
16860,16859,7
16860,16861,4
16861,16860,6
16861,16862,1
16862,16861,4
16862,16863,5
16863,16862,4
16863,16864,3
16864,16863,4
16864,16865,3
16865,16864,2
16865,16866,2
16866,16865,4
16866,16867,6
16867,16866,2
16867,16868,1
16868,16869,3
16869,16868,2
16869,16870,1
16870,16869,4
16870,16871,6
16871,16870,5
16872,16871,1
16872,16873,4
16873,16872,1
16873,16874,4
16874,16873,1
16874,16875,2
16875,16874,2
16875,16876,2
16876,16875,3
16876,16877,4
16877,16876,4
16877,16878,5
16878,16877,2
16878,16879,3
16879,16878,3
16879,16880,1
16880,16879,2
16880,16881,2
16881,16880,4
16881,16882,1
16882,16881,2
16882,16883,3
16883,16882,1
16883,16884,4
16884,16883,4
16885,16884,4
16885,16886,3
16886,16885,3
16886,16887,4
16887,16886,1
16887,16888,2
16888,16887,4
16888,16889,1
16889,16888,5
16889,16890,3
16890,16889,4
16890,16891,3
16891,16890,3
16891,16892,4
16892,16891,2
16892,16893,3
16893,16892,4
16893,16894,6
16894,16893,4
16894,16895,4
16895,16894,3
16895,16896,4
16896,16895,1
16896,16897,4
16897,16896,1
16897,16898,4
16898,16897,2
16898,16899,6
16899,16898,1
16899,16900,3
16900,16899,5
16900,16901,6
16901,16900,1
16901,16902,4
16902,16901,3
16902,16903,2
16903,16902,3
16903,16904,2
16904,16903,4
16904,16905,1
16905,16904,5
16905,16906,3
16906,16905,3
16906,16907,3
16907,16906,2
16907,16908,8
16908,16907,3
16908,16909,3
16909,16908,2
16909,16910,3
16910,16909,2
16910,16911,3
16911,16910,4
16911,16912,2
16912,16911,2
16913,16912,1
16913,16914,3
16914,16913,6
16914,16915,2
16915,16914,2
16915,16916,2
16916,16915,4
16916,16917,2
16918,16917,4
16918,16919,4
16919,16918,3
16919,16920,4
16920,16919,6
16920,16921,3
16921,16920,3
16921,16922,1
16922,16921,5
16922,16923,3
16923,16922,3
16923,16924,4
16924,16923,1
16924,16925,2
16925,16924,1
16925,16926,4
16926,16925,4
16926,16927,7
16927,16926,2
16927,16928,6
16928,16927,1
16928,16929,3
16929,16928,3
16929,16930,2
16930,16931,3
16931,16930,4
16931,16932,4
16932,16931,4
16932,16933,1
16933,16932,4
16933,16934,3
16934,16933,4
16934,16935,2
16935,16934,2
16935,16936,3
16936,16935,6
16936,16937,5
16937,16936,1
16937,16938,3
16938,16937,5
16939,16938,2
16939,16940,4
16940,16939,3
16940,16941,4
16941,16940,1
16941,16942,3
16942,16941,9
16942,16943,4
16943,16942,4
16943,16944,2
16944,16943,1
16944,16945,1
16945,16944,5
16945,16946,2
16946,16945,3
16946,16947,3
16947,16946,3
16947,16948,3
16948,16947,5
16948,16949,3
16949,16948,4
16949,16950,3
16950,16949,3
16950,16951,5
16951,16950,1
16951,16952,3
16952,16951,6
16952,16953,1
16953,16952,2
16953,16954,5
16954,16953,4
16954,16955,4
16955,16954,4
16955,16956,4
16956,16955,3
16956,16957,3
16957,16958,6
16958,16957,3
16958,16959,2
16959,16958,2
16959,16960,3
16960,16959,5
16960,16961,1
16961,16960,4
16961,16962,2
16962,16961,3
16962,16963,3
16963,16962,4
16963,16964,2
16964,16963,4
16964,16965,7
16965,16966,1
16966,16965,3
16966,16967,4
16967,16966,3
16967,16968,2
16968,16967,3
16968,16969,1
16969,16968,6
16969,16970,2
16970,16969,2
16970,16971,1
16971,16970,7
16971,16972,2
16972,16971,6
16972,16973,1
16973,16972,2
16973,16974,5
16974,16973,1
16974,16975,1
16975,16974,4
16975,16976,1
16976,16975,5
16976,16977,5
16977,16976,4
16977,16978,4
16978,16977,7
16978,16979,2
16979,16978,5
16979,16980,2
16980,16979,2
16980,16981,3
16981,16980,3
16981,16982,3
16982,16981,2
16982,16983,4
16983,16982,1
16983,16984,5
16984,16983,4
16984,16985,3
16985,16984,5
16985,16986,6
16986,16985,2
16986,16987,7
16987,16986,3
16987,16988,5
16988,16987,2
16988,16989,6
16989,16988,2
16989,16990,4
16990,16989,4
16990,16991,3
16991,16990,2
16991,16992,4
16992,16991,2
16992,16993,6
16993,16992,2
16993,16994,4
16994,16995,4
16995,16994,1
16995,16996,1
16996,16995,1
16996,16997,6
16997,16996,2
16997,16998,5
16998,16997,2
16998,16999,3
16999,16998,2
16999,17000,3
17000,16999,1
17000,17001,4
17001,17000,5
17001,17002,3
17002,17001,2
17002,17003,4
17003,17004,4
17004,17003,1
17004,17005,4
17005,17004,3
17005,17006,6
17006,17005,1
17006,17007,1
17007,17006,3
17007,17008,3
17008,17007,3
17008,17009,3
17009,17008,4
17009,17010,5
17010,17009,2
17010,17011,1
17011,17010,2
17011,17012,4
17012,17013,2
17013,17012,2
17013,17014,7
17014,17013,2
17014,17015,4
17015,17014,4
17015,17016,6
17016,17015,7
17016,17017,3
17017,17016,6
17017,17018,4
17018,17017,2
17018,17019,3
17019,17018,3
17019,17020,6
17020,17019,2
17020,17021,8
17021,17020,3
17021,17022,4
17022,17021,2
17022,17023,1
17023,17022,4
17023,17024,3
17024,17025,2
17025,17024,1
17025,17026,3
17026,17025,4
17026,17027,3
17027,17026,5
17027,17028,4
17028,17027,2
17028,17029,7
17029,17028,2
17029,17030,2
17030,17029,5
17030,17031,2
17031,17030,8
17031,17032,3
17032,17031,2
17032,17033,3
17033,17032,3
17033,17034,2
17034,17033,9
17034,17035,4
17035,17034,4
17035,17036,4
17036,17035,1
17037,17036,4
17037,17038,4
17038,17037,4
17038,17039,5
17039,17038,4
17039,17040,2
17040,17039,2
17040,17041,7
17041,17040,3
17041,17042,4
17042,17041,3
17042,17043,4
17043,17042,6
17043,17044,7
17044,17043,5
17044,17045,4
17045,17044,4
17046,17045,4
17046,17047,3
17047,17046,3
17047,17048,4
17048,17047,2
17048,17049,6
17049,17048,9
17049,17050,4
17050,17049,3
17050,17051,2
17051,17050,2
17051,17052,4
17052,17051,7
17052,17053,5
17053,17052,5
17053,17054,3
17054,17053,3
17054,17055,6
17055,17054,6
17055,17056,5
17056,17055,2
17056,17057,3
17057,17056,3
17057,17058,2
17058,17059,5
17059,17058,5
17059,17060,3
17060,17059,5
17060,17061,6
17061,17060,3
17061,17062,4
17062,17061,6
17062,17063,3
17063,17062,2
17063,17064,6
17064,17063,1
17064,17065,4
17065,17064,5
17065,17066,1
17066,17065,2
17066,17067,4
17067,17066,5
17067,17068,4
17068,17067,1
17068,17069,2
17069,17068,4
17069,17070,1
17070,17069,3
17070,17071,2
17071,17070,3
17071,17072,2
17072,17071,6
17072,17073,1
17073,17072,6
17073,17074,1
17074,17073,4
17074,17075,3
17075,17074,6
17075,17076,2
17076,17075,6
17076,17077,2
17077,17076,5
17077,17078,3
17078,17077,7
17078,17079,4
17079,17078,2
17079,17080,4
17080,17079,3
17080,17081,3
17081,17080,3
17081,17082,1
17082,17081,2
17082,17083,9
17083,17082,2
17083,17084,2
17084,17083,2
17084,17085,2
17085,17084,7
17085,17086,5
17086,17085,7
17086,17087,1
17087,17086,4
17087,17088,4
17088,17087,5
17088,17089,2
17089,17088,2
17089,17090,4
17090,17089,3
17090,17091,4
17091,17092,7
17092,17091,3
17092,17093,3
17093,17092,4
17093,17094,3
17094,17093,4
17094,17095,3
17095,17094,4
17095,17096,2
17096,17095,5
17096,17097,4
17097,17096,4
17097,17098,3
17098,17097,3
17098,17099,3
17099,17098,5
17099,17100,2
17100,17099,3
17100,17101,6
17101,17100,1
17101,17102,4
17102,17101,1
17102,17103,3
17103,17102,4
17103,17104,7
17104,17103,3
17104,17105,6
17105,17104,2
17105,17106,5
17106,17105,3
17106,17107,6
17107,17106,3
17107,17108,4
17108,17107,1
17108,17109,4
17109,17108,5
17109,17110,6
17110,17109,3
17111,17110,9
17111,17112,1
17112,17113,3
17113,17112,5
17113,17114,5
17114,17113,1
17114,17115,4
17115,17114,6
17115,17116,6
17116,17115,1
17116,17117,3
17117,17116,3
17117,17118,4
17118,17117,2
17119,17118,4
17119,17120,2
17120,17119,5
17120,17121,4
17121,17120,2
17121,17122,5
17122,17121,2
17122,17123,6
17123,17122,8
17123,17124,7
17124,17123,7
17124,17125,7
17125,17124,6
17125,17126,9
17126,17125,3
17126,17127,5
17127,17126,5
17127,17128,4
17128,17127,4
17128,17129,4
17129,17128,6
17129,17130,3
17130,17129,2
17130,17131,5
17131,17130,4
17131,17132,8
17132,17131,4
17132,17133,5
17133,17132,4
17133,17134,1
17134,17133,4
17134,17135,1
17135,17134,3
17135,17136,2
17136,17135,2
17136,17137,4
17137,17136,2
17137,17138,3
17138,17137,5
17138,17139,5
17139,17138,2
17139,17140,5
17140,17139,4
17140,17141,4
17141,17140,7
17141,17142,11
17142,17141,3
17142,17143,6
17143,17144,6
17144,17143,3
17144,17145,3
17145,17144,2
17145,17146,1
17146,17145,4
17146,17147,3
17147,17146,2
17147,17148,3
17148,17147,4
17148,17149,5
17149,17148,2
17149,17150,1
17150,17149,5
17150,17151,3
17151,17150,3
17151,17152,5
17152,17151,4
17152,17153,3
17153,17152,6
17153,17154,1
17154,17153,4
17154,17155,6
17155,17154,4
17155,17156,4
17156,17155,5
17157,17156,3
17157,17158,3
17158,17157,5
17158,17159,6
17159,17158,5
17159,17160,6
17160,17159,5
17160,17161,4
17161,17160,2
17161,17162,4
17162,17161,3
17162,17163,6
17163,17164,6
17164,17163,5
17164,17165,5
17165,17164,6
17165,17166,5
17166,17165,3
17166,17167,4
17167,17166,3
17167,17168,7
17168,17167,2
17168,17169,2
17169,17168,3
17170,17169,6
17170,17171,3
17171,17170,1
17171,17172,5
17172,17171,4
17172,17173,4
17173,17172,2
17173,17174,7
17174,17173,1
17174,17175,4
17175,17174,3
17175,17176,5
17176,17177,4
17177,17176,2
17177,17178,6
17178,17177,3
17178,17179,4
17179,17178,8
17179,17180,4
17180,17179,3
17180,17181,3
17181,17180,5
17181,17182,6
17182,17181,4
17182,17183,4
17183,17182,5
17183,17184,3
17184,17183,5
17184,17185,8
17185,17184,1
17185,17186,1
17186,17185,3
17187,17186,3
17187,17188,8
17188,17189,5
17189,17188,6
17189,17190,3
17190,17189,3
17190,17191,1
17191,17190,1
17191,17192,3
17192,17191,4
17192,17193,3
17193,17192,4
17193,17194,5
17194,17193,2
17194,17195,5
17195,17194,3
17195,17196,6
17196,17195,5
17196,17197,2
17197,17196,5
17197,17198,5
17198,17197,4
17198,17199,8
17199,17200,4
17200,17199,4
17200,17201,6
17201,17200,4
17201,17202,3
17202,17201,4
17202,17203,6
17203,17202,3
17203,17204,5
17204,17203,7
17204,17205,6
17205,17204,8
17205,17206,8
17206,17205,8
17206,17207,6
17207,17206,2
17207,17208,6
17208,17207,2
17208,17209,2
17209,17208,4
17209,17210,5
17210,17209,5
17210,17211,6
17211,17210,3
17211,17212,2
17212,17211,3
17212,17213,5
17213,17212,4
17213,17214,5
17214,17213,4
17214,17215,7
17215,17214,5
17215,17216,5
17216,17215,9
17216,17217,2
17217,17216,3
17217,17218,2
17218,17217,3
17218,17219,5
17219,17218,2
17219,17220,5
17220,17219,6
17220,17221,3
17221,17220,5
17221,17222,5
17222,17221,7
17222,17223,2
17223,17222,7
17223,17224,3
17224,17223,4
17224,17225,3
17225,17224,9
17225,17226,5
17226,17225,3
17226,17227,5
17227,17226,7
17227,17228,1
17228,17227,3
17228,17229,3
17229,17228,7
17229,17230,3
17230,17229,3
17230,17231,4
17231,17230,6
17231,17232,1
17232,17231,4
17232,17233,4
17233,17232,4
17233,17234,3
17234,17233,3
17234,17235,5
17235,17234,3
17235,17236,6
17236,17235,4
17236,17237,6
17237,17236,7
17237,17238,5
17238,17237,4
17238,17239,5
17239,17238,3
17239,17240,2
17240,17239,4
17240,17241,3
17241,17240,2
17241,17242,4
17242,17241,6
17242,17243,6
17243,17242,6
17243,17244,3
17244,17243,3
17244,17245,2
17245,17244,7
17245,17246,2
17246,17245,9
17246,17247,1
17247,17246,6
17247,17248,2
17248,17247,5
17248,17249,6
17249,17248,3
17249,17250,5
17250,17249,7
17250,17251,6
17251,17250,3
17251,17252,6
17252,17251,5
17252,17253,5
17253,17254,5
17254,17253,1
17254,17255,3
17255,17254,8
17255,17256,9
17256,17255,6
17256,17257,6
17257,17256,6
17257,17258,3
17258,17257,6
17258,17259,2
17259,17258,6
17259,17260,5
17260,17259,2
17260,17261,7
17261,17260,9
17261,17262,4
17262,17261,5
17262,17263,6
17263,17262,5
17263,17264,3
17264,17263,4
17264,17265,6
17265,17264,7
17265,17266,5
17266,17265,8
17266,17267,5
17267,17266,1
17267,17268,7
17268,17267,5
17268,17269,1
17269,17268,6
17269,17270,4
17270,17269,5
17270,17271,3
17271,17270,3
17271,17272,9
17272,17271,5
17272,17273,3
17273,17272,4
17273,17274,3
17274,17273,2
17274,17275,6
17275,17274,6
17275,17276,5
17276,17275,3
17276,17277,6
17277,17276,1
17277,17278,2
17278,17277,4
17278,17279,6
17279,17278,7
17279,17280,3
17280,17279,2
17280,17281,3
17281,17280,9
17281,17282,1
17282,17281,6
17282,17283,4
17283,17282,5
17283,17284,2
17284,17283,8
17284,17285,7
17285,17284,3
17285,17286,1
17286,17285,6
17286,17287,4
17287,17286,3
17287,17288,7
17288,17287,5
17288,17289,3
17289,17288,4
17289,17290,4
17290,17289,4
17290,17291,6
17291,17290,4
17291,17292,5
17292,17291,7
17292,17293,3
17293,17292,6
17293,17294,6
17294,17293,2
17294,17295,3
17295,17294,5
17295,17296,5
17296,17295,3
17296,17297,4
17297,17296,3
17297,17298,7
17298,17297,2
17298,17299,5
17299,17298,1
17299,17300,7
17300,17299,7
17301,17300,4
17301,17302,4
17302,17301,4
17302,17303,5
17303,17302,7
17303,17304,3
17304,17303,6
17304,17305,6
17305,17304,4
17305,17306,7
17306,17305,4
17306,17307,2
17307,17306,5
17307,17308,3
17308,17307,3
17308,17309,5
17309,17308,7
17309,17310,3
17310,17309,5
17310,17311,4
17311,17310,5
17311,17312,2
17312,17311,1
17312,17313,1
17313,17312,6
17313,17314,7
17314,17313,6
17314,17315,4
17315,17314,5
17315,17316,2
17316,17315,5
17316,17317,1
17317,17316,7
17317,17318,5
17318,17317,4
17318,17319,4
17319,17318,1
17319,17320,4
17320,17319,3
17320,17321,5
17321,17320,6
17321,17322,5
17322,17321,4
17322,17323,8
17323,17322,8
17323,17324,5
17324,17323,3
17324,17325,2
17325,17324,2
17325,17326,5
17326,17325,2
17326,17327,4
17327,17326,6
17327,17328,4
17328,17327,2
17328,17329,2
17329,17328,5
17329,17330,5
17330,17329,8
17330,17331,6
17331,17330,5
17331,17332,5
17332,17331,3
17332,17333,7
17333,17332,7
17333,17334,10
17334,17333,8
17334,17335,6
17335,17334,6
17335,17336,3
17336,17335,3
17336,17337,4
17337,17336,2
17337,17338,6
17338,17337,2
17338,17339,4
17339,17338,3
17339,17340,7
17340,17339,5
17340,17341,8
17341,17340,2
17341,17342,6
17342,17341,7
17342,17343,6
17343,17342,5
17343,17344,4
17344,17343,6
17344,17345,3
17345,17344,8
17345,17346,2
17346,17345,4
17346,17347,4
17347,17346,3
17347,17348,6
17348,17347,7
17348,17349,6
17349,17348,7
17349,17350,7
17350,17349,5
17350,17351,5
17351,17350,7
17351,17352,5
17352,17351,7
17352,17353,3
17353,17352,3
17353,17354,5
17354,17353,2
17354,17355,5
17355,17354,6
17355,17356,1
17356,17355,2
17356,17357,4
17357,17356,5
17357,17358,3
17358,17357,2
17358,17359,3
17359,17358,1
17359,17360,5
17360,17359,5
17360,17361,5
17361,17362,1
17362,17361,5
17362,17363,3
17363,17362,1
17363,17364,5
17364,17363,2
17364,17365,4
17365,17364,3
17365,17366,6
17366,17365,7
17366,17367,5
17367,17366,5
17367,17368,4
17368,17367,4
17368,17369,4
17369,17368,4
17369,17370,3
17370,17369,5
17370,17371,3
17371,17370,1
17371,17372,7
17372,17371,2
17372,17373,4
17373,17372,5
17373,17374,7
17374,17373,7
17374,17375,4
17375,17374,3
17375,17376,2
17376,17375,6
17376,17377,3
17377,17376,3
17377,17378,6
17378,17377,2
17378,17379,7
17379,17378,7
17379,17380,3
17380,17379,6
17380,17381,4
17381,17380,2
17381,17382,8
17382,17381,6
17382,17383,5
17383,17382,3
17383,17384,1
17384,17383,4
17384,17385,4
17385,17384,8
17385,17386,1
17386,17385,3
17386,17387,6
17387,17386,8
17387,17388,3
17388,17387,6
17388,17389,5
17389,17388,4
17389,17390,4
17390,17389,4
17390,17391,8
17391,17390,3
17391,17392,2
17392,17391,4
17392,17393,4
17393,17392,3
17393,17394,7
17394,17393,4
17394,17395,4
17395,17394,2
17395,17396,3
17396,17395,6
17396,17397,9
17397,17396,1
17397,17398,3
17398,17397,6
17398,17399,5
17399,17398,6
17399,17400,2
17400,17399,7
17400,17401,4
17401,17400,4
17401,17402,7
17402,17401,5
17402,17403,8
17403,17402,4
17403,17404,7
17404,17403,2
17404,17405,5
17405,17404,6
17405,17406,4
17406,17405,3
17406,17407,5
17407,17406,8
17407,17408,1
17408,17407,2
17408,17409,5
17409,17408,2
17409,17410,3
17410,17409,6
17410,17411,5
17411,17410,7
17411,17412,11
17412,17411,3
17412,17413,9
17413,17412,2
17413,17414,5
17414,17413,3
17414,17415,7
17415,17414,5
17415,17416,5
17416,17415,2
17416,17417,8
17417,17416,6
17417,17418,2
17418,17417,8
17418,17419,5
17419,17418,4
17419,17420,4
17420,17419,5
17420,17421,6
17421,17420,4
17421,17422,8
17422,17421,7
17422,17423,5
17423,17424,3
17424,17423,4
17424,17425,2
17425,17424,3
17425,17426,3
17426,17425,8
17426,17427,4
17427,17426,4
17427,17428,3
17428,17427,3
17428,17429,6
17429,17428,3
17429,17430,3
17430,17429,2
17430,17431,5
17431,17430,6
17431,17432,8
17432,17431,5
17432,17433,5
17433,17432,4
17433,17434,3
17434,17433,5
17434,17435,4
17435,17434,4
17435,17436,3
17436,17435,6
17436,17437,4
17437,17436,2
17437,17438,5
17438,17437,5
17438,17439,7
17439,17438,4
17439,17440,8
17440,17439,2
17440,17441,4
17441,17440,6
17441,17442,1
17442,17441,9
17442,17443,4
17443,17442,5
17443,17444,5
17444,17443,4
17444,17445,10
17445,17444,2
17445,17446,4
17446,17445,5
17446,17447,4
17447,17446,4
17447,17448,8
17448,17447,5
17448,17449,4
17449,17448,4
17449,17450,3
17450,17449,6
17450,17451,6
17451,17450,5
17451,17452,6
17452,17451,6
17452,17453,4
17453,17452,6
17453,17454,7
17454,17453,6
17454,17455,2
17455,17454,12
17455,17456,6
17456,17455,1
17456,17457,7
17457,17456,7
17457,17458,5
17458,17457,8
17458,17459,5
17459,17458,3
17459,17460,7
17460,17459,7
17460,17461,5
17461,17460,2
17461,17462,7
17462,17461,3
17462,17463,7
17463,17462,5
17463,17464,8
17464,17463,1
17464,17465,7
17465,17464,5
17465,17466,4
17466,17465,2
17466,17467,8
17467,17466,13
17467,17468,3
17468,17467,11
17468,17469,2
17469,17468,8
17469,17470,2
17470,17469,6
17470,17471,5
17471,17470,4
17471,17472,5
17472,17471,5
17472,17473,4
17473,17472,3
17473,17474,6
17474,17473,6
17474,17475,2
17475,17474,3
17475,17476,8
17476,17475,8
17476,17477,3
17477,17476,6
17477,17478,5
17478,17477,3
17478,17479,3
17479,17478,2
17479,17480,6
17480,17479,12
17480,17481,4
17481,17480,5
17481,17482,8
17482,17481,9
17482,17483,3
17483,17482,6
17483,17484,6
17484,17483,8
17484,17485,6
17485,17484,5
17485,17486,6
17486,17485,1
17486,17487,3
17487,17486,6
17487,17488,7
17488,17487,5
17488,17489,8
17489,17488,7
17489,17490,14
17490,17489,3
17490,17491,13
17491,17490,2
17491,17492,4
17492,17491,8
17492,17493,5
17493,17492,5
17493,17494,4
17494,17493,4
17494,17495,3
17495,17494,9
17495,17496,7
17496,17495,4
17496,17497,9
17497,17496,6
17497,17498,5
17498,17497,3
17498,17499,6
17499,17498,6
17499,17500,4
17500,17499,8
17500,17501,2
17501,17500,5
17501,17502,4
17502,17501,7
17502,17503,7
17503,17502,5
17503,17504,3
17504,17503,7
17504,17505,3
17505,17504,3
17505,17506,8
17506,17505,3
17506,17507,4
17507,17506,4
17507,17508,3
17508,17507,2
17508,17509,6
17509,17508,3
17509,17510,7
17510,17509,3
17510,17511,6
17511,17510,8
17511,17512,4
17512,17511,6
17512,17513,6
17513,17512,4
17513,17514,2
17514,17513,8
17514,17515,9
17515,17514,6
17515,17516,5
17516,17515,5
17516,17517,7
17517,17516,4
17517,17518,9
17518,17517,4
17518,17519,10
17519,17518,7
17519,17520,5
17520,17519,8
17520,17521,9
17521,17520,3
17521,17522,4
17522,17521,5
17522,17523,2
17523,17522,8
17523,17524,3
17524,17523,5
17524,17525,4
17525,17524,2
17525,17526,7
17526,17525,3
17526,17527,2
17527,17526,3
17527,17528,3
17528,17527,6
17528,17529,1
17529,17528,7
17529,17530,5
17530,17529,3
17530,17531,9
17531,17530,5
17531,17532,6
17532,17531,2
17532,17533,6
17533,17532,6
17533,17534,6
17534,17533,3
17534,17535,6
17535,17534,2
17535,17536,6
17536,17535,11
17536,17537,7
17537,17536,6
17537,17538,3
17538,17537,4
17538,17539,5
17539,17538,2
17539,17540,4
17540,17539,4
17540,17541,10
17541,17540,2
17541,17542,6
17542,17541,5
17542,17543,7
17543,17542,7
17543,17544,2
17544,17543,4
17544,17545,8
17545,17544,7
17545,17546,6
17546,17545,5
17546,17547,7
17547,17546,2
17547,17548,7
17548,17547,8
17548,17549,3
17549,17548,4
17549,17550,7
17550,17549,5
17550,17551,4
17551,17550,5
17551,17552,7
17552,17551,9
17552,17553,9
17553,17552,5
17553,17554,4
17554,17553,6
17554,17555,4
17555,17554,4
17555,17556,6
17556,17555,4
17556,17557,7
17557,17556,6
17557,17558,7
17558,17557,3
17558,17559,4
17559,17558,7
17559,17560,3
17560,17559,9
17560,17561,7
17561,17560,8
17561,17562,5
17562,17561,16
17562,17563,7
17563,17562,9
17563,17564,5
17564,17563,2
17564,17565,7
17565,17564,3
17565,17566,11
17566,17565,3
17566,17567,5
17567,17566,4
17567,17568,2
17568,17567,6
17568,17569,9
17569,17568,6
17569,17570,3
17570,17569,7
17570,17571,5
17571,17570,7
17571,17572,5
17572,17571,7
17572,17573,3
17573,17572,3
17573,17574,6
17574,17573,5
17574,17575,5
17575,17574,4
17575,17576,5
17576,17575,6
17576,17577,5
17577,17576,2
17577,17578,3
17578,17577,6
17578,17579,6
17579,17578,5
17579,17580,6
17580,17579,7
17580,17581,6
17581,17580,4
17581,17582,8
17582,17581,9
17582,17583,9
17583,17582,7
17583,17584,7
17584,17583,5
17584,17585,7
17585,17584,4
17585,17586,4
17586,17585,8
17586,17587,6
17587,17586,6
17587,17588,4
17588,17587,3
17588,17589,6
17589,17588,6
17589,17590,7
17590,17589,4
17590,17591,6
17591,17590,4
17591,17592,5
17592,17591,3
17592,17593,4
17593,17592,6
17593,17594,5
17594,17593,6
17594,17595,12
17595,17594,4
17595,17596,3
17596,17595,9
17596,17597,5
17597,17596,4
17597,17598,7
17598,17597,7
17598,17599,5
17599,17598,4
17599,17600,5
17600,17599,3
17600,17601,8
17601,17600,5
17601,17602,7
17602,17601,3
17602,17603,3
17603,17602,4
17603,17604,3
17604,17603,9
17604,17605,3
17605,17604,10
17605,17606,2
17606,17605,7
17606,17607,5
17607,17606,1
17607,17608,3
17608,17607,4
17608,17609,5
17609,17608,4
17609,17610,8
17610,17609,4
17610,17611,7
17611,17610,2
17611,17612,6
17612,17611,7
17612,17613,7
17613,17612,3
17613,17614,6
17614,17613,9
17614,17615,6
17615,17614,8
17615,17616,5
17616,17615,5
17616,17617,9
17617,17616,5
17617,17618,6
17618,17619,4
17619,17618,3
17619,17620,9
17620,17619,6
17620,17621,8
17621,17620,5
17621,17622,7
17622,17621,6
17622,17623,9
17623,17622,7
17623,17624,6
17624,17623,1
17624,17625,2
17625,17624,5
17625,17626,9
17626,17625,5
17626,17627,12
17627,17626,7
17627,17628,4
17628,17627,2
17628,17629,9
17629,17628,6
17629,17630,4
17630,17629,7
17630,17631,10
17631,17630,4
17631,17632,5
17632,17631,5
17632,17633,5
17633,17632,4
17633,17634,6
17634,17633,6
17634,17635,4
17635,17634,7
17635,17636,5
17636,17635,6
17636,17637,4
17637,17636,2
17637,17638,8
17638,17637,1
17638,17639,1
17639,17638,4
17639,17640,7
17640,17639,4
17640,17641,5
17641,17640,10
17641,17642,12
17642,17641,9
17642,17643,6
17643,17642,1
17643,17644,3
17644,17643,7
17644,17645,4
17645,17644,6
17645,17646,6
17646,17645,4
17646,17647,5
17647,17646,3
17647,17648,8
17648,17647,7
17648,17649,4
17649,17648,2
17649,17650,6
17650,17649,4
17650,17651,8
17651,17650,7
17651,17652,3
17652,17651,2
17652,17653,3
17653,17652,8
17653,17654,2
17654,17653,9
17654,17655,4
17655,17654,8
17655,17656,8
17656,17655,4
17656,17657,7
17657,17656,7
17657,17658,4
17658,17657,2
17658,17659,6
17659,17658,6
17660,17659,5
17660,17661,3
17661,17660,4
17661,17662,4
17662,17661,5
17662,17663,5
17663,17662,6
17663,17664,4
17664,17663,8
17664,17665,6
17665,17664,6
17665,17666,5
17666,17665,5
17667,17666,8
17667,17668,8
17668,17667,4
17668,17669,3
17669,17668,8
17669,17670,7
17670,17669,2
17670,17671,5
17671,17670,6
17671,17672,7
17672,17671,3
17672,17673,6
17673,17672,6
17673,17674,6
17674,17673,2
17674,17675,5
17675,17674,5
17675,17676,8
17676,17675,1
17676,17677,2
17677,17676,5
17677,17678,8
17678,17677,5
17678,17679,7
17679,17678,3
17679,17680,4
17680,17679,4
17680,17681,5
17681,17680,9
17681,17682,10
17682,17681,4
17682,17683,7
17683,17682,6
17683,17684,9
17684,17683,6
17684,17685,6
17685,17684,6
17685,17686,6
17686,17685,3
17686,17687,1
17687,17686,6
17687,17688,8
17688,17687,7
17688,17689,3
17689,17688,5
17689,17690,6
17690,17689,3
17690,17691,5
17691,17690,5
17691,17692,7
17692,17691,4
17692,17693,4
17693,17692,5
17693,17694,4
17694,17693,8
17694,17695,4
17695,17694,9
17695,17696,2
17696,17695,9
17696,17697,4
17697,17696,8
17697,17698,8
17698,17697,2
17698,17699,7
17699,17698,9
17699,17700,11
17700,17699,9
17700,17701,6
17701,17700,9
17701,17702,4
17702,17701,7
17702,17703,4
17703,17702,3
17703,17704,2
17704,17703,6
17704,17705,3
17705,17704,5
17705,17706,5
17706,17705,5
17706,17707,4
17707,17706,9
17707,17708,7
17708,17707,5
17708,17709,3
17709,17708,6
17709,17710,8
17710,17709,8
17710,17711,6
17711,17710,6
17711,17712,7
17712,17711,3
17712,17713,6
17713,17712,6
17713,17714,6
17714,17713,3
17714,17715,7
17715,17714,3
17715,17716,8
17716,17715,4
17716,17717,7
17717,17716,4
17717,17718,3
17718,17717,7
17718,17719,5
17719,17718,5
17719,17720,6
17720,17719,4
17720,17721,5
17721,17720,6
17721,17722,4
17722,17721,6
17722,17723,11
17723,17722,4
17723,17724,1
17724,17723,3
17724,17725,9
17725,17724,7
17725,17726,5
17726,17725,7
17726,17727,7
17727,17726,5
17727,17728,4
17728,17727,4
17728,17729,6
17729,17728,6
17729,17730,4
17730,17729,9
17730,17731,3
17731,17730,5
17731,17732,8
17732,17731,5
17732,17733,9
17733,17732,1
17733,17734,5
17734,17733,7
17734,17735,11
17735,17734,3
17735,17736,8
17736,17735,7
17736,17737,4
17737,17736,4
17737,17738,5
17738,17737,4
17738,17739,5
17739,17738,6
17739,17740,4
17740,17739,7
17740,17741,5
17741,17740,4
17741,17742,8
17742,17741,8
17742,17743,8
17743,17742,4
17743,17744,4
17744,17743,4
17744,17745,6
17745,17744,4
17745,17746,8
17746,17745,5
17746,17747,4
17747,17746,9
17747,17748,1
17748,17747,9
17748,17749,6
17749,17748,1
17749,17750,4
17750,17749,10
17750,17751,4
17751,17750,4
17751,17752,9
17752,17751,5
17752,17753,6
17753,17752,4
17753,17754,8
17754,17753,7
17754,17755,7
17755,17754,6
17755,17756,5
17756,17755,1
17756,17757,5
17757,17756,6
17757,17758,8
17758,17757,5
17758,17759,6
17759,17758,8
17759,17760,7
17760,17759,10
17760,17761,3
17761,17760,3
17761,17762,3
17762,17761,5
17762,17763,4
17763,17762,7
17763,17764,6
17764,17763,8
17764,17765,6
17765,17764,7
17765,17766,5
17766,17765,4
17766,17767,8
17767,17766,4
17767,17768,6
17768,17767,3
17768,17769,7
17769,17768,6
17769,17770,3
17770,17769,3
17770,17771,9
17771,17770,6
17771,17772,7
17772,17771,2
17772,17773,7
17773,17772,7
17773,17774,5
17774,17773,7
17774,17775,6
17775,17774,7
17775,17776,8
17776,17775,8
17776,17777,7
17777,17776,5
17777,17778,3
17778,17777,6
17778,17779,5
17779,17778,1
17779,17780,5
17780,17779,7
17780,17781,8
17781,17780,1
17781,17782,5
17782,17781,4
17782,17783,8
17783,17782,7
17783,17784,11
17784,17783,5
17784,17785,3
17785,17784,4
17785,17786,3
17786,17785,5
17786,17787,8
17787,17786,6
17787,17788,6
17788,17787,7
17788,17789,11
17789,17788,8
17789,17790,9
17790,17789,7
17790,17791,2
17791,17790,8
17791,17792,2
17792,17791,6
17792,17793,12
17793,17792,5
17793,17794,6
17794,17793,6
17794,17795,1
17795,17794,9
17795,17796,4
17796,17795,5
17796,17797,4
17797,17796,1
17797,17798,2
17798,17797,4
17798,17799,5
17799,17798,9
17799,17800,5
17800,17799,7
17800,17801,6
17801,17800,4
17801,17802,4
17802,17801,5
17802,17803,4
17803,17802,7
17803,17804,11
17804,17803,5
17804,17805,6
17805,17804,6
17805,17806,4
17806,17805,6
17806,17807,4
17807,17806,5
17807,17808,3
17808,17807,4
17808,17809,4
17809,17808,5
17809,17810,7
17810,17809,3
17810,17811,2
17811,17810,6
17811,17812,4
17812,17811,8
17812,17813,4
17813,17812,2
17813,17814,5
17814,17813,2
17814,17815,3
17815,17814,6
17815,17816,3
17816,17815,5
17816,17817,6
17817,17816,2
17817,17818,4
17818,17817,7
17818,17819,8
17819,17818,5
17819,17820,8
17820,17819,4
17820,17821,6
17821,17820,4
17821,17822,8
17822,17821,10
17822,17823,9
17823,17822,3
17823,17824,5
17824,17823,3
17824,17825,9
17825,17824,4
17825,17826,5
17826,17825,7
17826,17827,5
17827,17826,6
17827,17828,5
17828,17827,7
17828,17829,9
17829,17828,9
17829,17830,5
17830,17829,2
17830,17831,6
17831,17830,5
17831,17832,3
17832,17831,9
17832,17833,4
17833,17832,7
17833,17834,3
17834,17833,6
17834,17835,4
17835,17834,5
17835,17836,3
17836,17835,4
17836,17837,8
17837,17836,7
17837,17838,2
17838,17837,4
17838,17839,9
17839,17838,10
17839,17840,1
17840,17839,4
17840,17841,6
17841,17840,7
17841,17842,6
17842,17841,6
17842,17843,6
17843,17842,5
17843,17844,2
17844,17843,6
17844,17845,7
17845,17844,10
17845,17846,6
17846,17845,3
17846,17847,6
17847,17846,3
17847,17848,5
17848,17849,2
17849,17848,4
17849,17850,2
17850,17849,3
17850,17851,6
17851,17850,5
17851,17852,6
17852,17851,3
17852,17853,4
17853,17852,4
17853,17854,5
17854,17853,3
17854,17855,3
17855,17854,3
17855,17856,5
17856,17855,6
17856,17857,5
17857,17856,6
17857,17858,5
17858,17857,10
17858,17859,3
17859,17858,6
17859,17860,4
17860,17859,4
17860,17861,4
17861,17860,7
17861,17862,3
17862,17861,5
17862,17863,12
17863,17862,4
17863,17864,6
17864,17863,10
17864,17865,6
17865,17864,7
17865,17866,3
17866,17865,6
17866,17867,6
17867,17866,4
17867,17868,5
17868,17867,5
17868,17869,4
17869,17868,5
17869,17870,4
17870,17869,6
17870,17871,4
17871,17870,3
17871,17872,4
17872,17871,3
17872,17873,4
17873,17872,4
17873,17874,11
17874,17873,5
17874,17875,6
17875,17874,5
17875,17876,4
17876,17875,7
17876,17877,4
17877,17876,3
17878,17877,5
17878,17879,7
17879,17878,8
17879,17880,5
17880,17879,6
17880,17881,3
17881,17880,4
17881,17882,6
17882,17881,3
17882,17883,4
17883,17882,6
17883,17884,7
17884,17883,1
17884,17885,8
17885,17884,5
17885,17886,3
17886,17885,3
17886,17887,2
17887,17886,6
17887,17888,9
17888,17887,3
17888,17889,7
17889,17890,5
17890,17889,4
17890,17891,7
17891,17890,4
17891,17892,7
17892,17891,7
17892,17893,6
17893,17892,7
17893,17894,3
17894,17893,11
17894,17895,3
17895,17894,6
17895,17896,3
17896,17895,4
17896,17897,3
17897,17896,3
17897,17898,3
17898,17897,9
17898,17899,8
17899,17898,5
17899,17900,9
17900,17899,5
17900,17901,4
17901,17900,7
17901,17902,6
17902,17901,2
17902,17903,1
17903,17902,3
17903,17904,3
17904,17903,3
17904,17905,4
17905,17904,8
17905,17906,6
17906,17905,6
17906,17907,7
17907,17906,2
17907,17908,4
17908,17907,3
17908,17909,4
17909,17908,5
17909,17910,3
17910,17909,5
17910,17911,4
17911,17910,4
17911,17912,5
17912,17911,6
17912,17913,8
17913,17912,3
17913,17914,7
17914,17913,4
17914,17915,7
17915,17914,2
17915,17916,14
17916,17915,4
17916,17917,3
17917,17916,4
17917,17918,6
17918,17917,5
17918,17919,7
17919,17918,4
17919,17920,8
17920,17919,4
17920,17921,2
17921,17920,2
17921,17922,6
17922,17921,5
17922,17923,7
17923,17922,5
17923,17924,5
17924,17923,3
17924,17925,7
17925,17924,2
17925,17926,7
17926,17925,4
17926,17927,5
17927,17926,5
17927,17928,6
17928,17927,3
17928,17929,3
17929,17928,7
17929,17930,9
17930,17929,5
17930,17931,6
17931,17930,6
17931,17932,8
17932,17931,4
17932,17933,4
17933,17932,1
17933,17934,6
17934,17933,4
17934,17935,5
17935,17934,3
17935,17936,6
17936,17935,4
17936,17937,3
17937,17936,6
17937,17938,3
17938,17937,5
17938,17939,4
17939,17938,3
17939,17940,2
17940,17939,5
17940,17941,2
17941,17940,8
17941,17942,7
17942,17941,6
17942,17943,10
17943,17942,5
17943,17944,3
17944,17943,3
17944,17945,9
17945,17944,2
17945,17946,5
17946,17945,4
17946,17947,4
17947,17946,8
17947,17948,7
17948,17947,3
17948,17949,12
17949,17948,6
17949,17950,5
17950,17949,6
17950,17951,5
17951,17950,5
17951,17952,6
17952,17951,3
17952,17953,6
17953,17952,6
17953,17954,2
17954,17953,1
17954,17955,4
17955,17954,3
17955,17956,7
17956,17955,8
17956,17957,1
17957,17956,2
17957,17958,5
17958,17957,4
17958,17959,6
17959,17958,5
17959,17960,4
17960,17959,8
17960,17961,10
17961,17962,3
17962,17961,1
17962,17963,5
17963,17962,7
17963,17964,3
17964,17963,4
17964,17965,6
17965,17964,5
17965,17966,6
17966,17965,4
17966,17967,5
17967,17966,5
17967,17968,5
17968,17967,7
17968,17969,2
17969,17968,1
17969,17970,4
17970,17969,6
17970,17971,7
17971,17970,12
17971,17972,5
17972,17971,6
17972,17973,2
17973,17972,6
17973,17974,7
17974,17973,4
17974,17975,7
17975,17974,5
17975,17976,3
17976,17975,4
17976,17977,5
17977,17976,11
17977,17978,7
17978,17977,4
17978,17979,7
17979,17978,8
17979,17980,3
17980,17979,7
17980,17981,6
17981,17980,3
17981,17982,4
17982,17981,4
17982,17983,7
17983,17982,8
17983,17984,5
17984,17983,4
17984,17985,4
17985,17984,5
17985,17986,5
17986,17985,5
17986,17987,6
17987,17986,4
17987,17988,5
17988,17987,7
17988,17989,4
17989,17988,3
17989,17990,2
17990,17989,4
17990,17991,7
17991,17990,5
17991,17992,3
17992,17991,5
17992,17993,3
17993,17992,4
17993,17994,3
17994,17993,5
17994,17995,1
17995,17994,4
17995,17996,5
17996,17995,10
17996,17997,9
17997,17996,5
17997,17998,7
17998,17997,6
17998,17999,2
17999,17998,3
17999,18000,10
18000,17999,4
18000,18001,7
18001,18000,6
18001,18002,5
18002,18001,1
18002,18003,5
18003,18002,6
18003,18004,6
18004,18003,8
18004,18005,1
18005,18006,7
18006,18005,2
18006,18007,4
18007,18006,6
18007,18008,5
18008,18007,7
18008,18009,4
18009,18008,8
18009,18010,5
18010,18009,4
18010,18011,5
18011,18010,4
18011,18012,5
18012,18011,2
18012,18013,3
18013,18012,7
18013,18014,5
18014,18013,6
18014,18015,5
18015,18014,5
18015,18016,5
18016,18015,1
18016,18017,9
18017,18016,2
18017,18018,4
18018,18017,2
18018,18019,2
18019,18018,4
18019,18020,3
18020,18019,4
18020,18021,6
18021,18020,4
18021,18022,4
18022,18021,5
18022,18023,4
18023,18022,5
18023,18024,6
18024,18023,9
18024,18025,4
18025,18024,4
18025,18026,3
18026,18025,4
18026,18027,9
18027,18026,5
18027,18028,2
18028,18027,4
18028,18029,5
18029,18028,7
18029,18030,9
18030,18029,8
18030,18031,3
18031,18030,2
18031,18032,2
18032,18031,6
18032,18033,6
18033,18032,3
18033,18034,9
18034,18033,5
18034,18035,3
18035,18034,7
18035,18036,6
18036,18035,3
18036,18037,8
18037,18036,6
18037,18038,5
18038,18037,4
18038,18039,3
18039,18038,7
18039,18040,2
18040,18039,7
18040,18041,6
18041,18040,4
18041,18042,8
18042,18041,4
18042,18043,7
18043,18042,5
18043,18044,4
18044,18043,6
18044,18045,4
18045,18044,2
18045,18046,6
18046,18045,6
18046,18047,7
18047,18046,4
18047,18048,5
18048,18047,3
18048,18049,7
18049,18048,1
18049,18050,2
18050,18049,2
18050,18051,2
18051,18050,5
18051,18052,8
18052,18051,4
18052,18053,3
18053,18052,4
18053,18054,5
18054,18053,7
18054,18055,1
18055,18054,2
18055,18056,4
18056,18055,4
18056,18057,3
18057,18056,6
18057,18058,6
18058,18057,2
18058,18059,7
18059,18058,8
18059,18060,5
18060,18059,3
18060,18061,6
18061,18060,6
18061,18062,8
18062,18061,6
18063,18062,8
18063,18064,6
18064,18063,5
18064,18065,7
18065,18064,7
18065,18066,4
18066,18065,7
18066,18067,3
18067,18066,7
18067,18068,6
18068,18067,7
18068,18069,6
18069,18068,2
18069,18070,6
18070,18069,3
18070,18071,6
18071,18070,4
18071,18072,7
18072,18071,4
18072,18073,5
18073,18072,4
18073,18074,6
18074,18073,3
18074,18075,4
18075,18074,6
18075,18076,2
18076,18075,5
18076,18077,4
18077,18076,4
18077,18078,3
18078,18077,6
18078,18079,7
18079,18078,6
18079,18080,5
18080,18079,5
18080,18081,3
18081,18080,4
18081,18082,7
18082,18081,5
18082,18083,7
18083,18082,6
18083,18084,5
18084,18083,3
18084,18085,1
18085,18084,8
18085,18086,5
18086,18085,3
18086,18087,9
18087,18086,4
18087,18088,2
18088,18087,1
18088,18089,4
18089,18088,7
18089,18090,5
18090,18089,5
18090,18091,6
18091,18090,4
18091,18092,4
18092,18091,5
18092,18093,5
18093,18092,3
18093,18094,3
18094,18093,6
18094,18095,4
18095,18094,4
18095,18096,7
18096,18095,8
18096,18097,4
18097,18096,4
18097,18098,7
18098,18097,1
18098,18099,3
18099,18098,3
18099,18100,7
18100,18099,4
18100,18101,3
18101,18100,3
18101,18102,7
18102,18101,7
18102,18103,6
18103,18102,6
18103,18104,5
18104,18103,5
18104,18105,4
18105,18104,7
18105,18106,1
18106,18105,1
18106,18107,6
18107,18106,5
18107,18108,2
18108,18107,3
18108,18109,3
18109,18108,3
18109,18110,6
18110,18109,4
18110,18111,8
18111,18110,4
18111,18112,7
18112,18111,7
18112,18113,8
18113,18112,11
18113,18114,6
18114,18113,6
18114,18115,3
18115,18114,7
18115,18116,2
18116,18115,8
18116,18117,7
18117,18116,10
18117,18118,5
18118,18117,5
18118,18119,4
18119,18118,3
18119,18120,5
18120,18119,8
18120,18121,7
18121,18120,4
18121,18122,6
18122,18121,9
18122,18123,6
18123,18122,8
18123,18124,5
18124,18123,3
18124,18125,1
18125,18124,7
18125,18126,4
18126,18125,3
18126,18127,3
18127,18126,6
18127,18128,6
18128,18127,5
18128,18129,5
18129,18128,3
18129,18130,5
18130,18129,2
18130,18131,2
18131,18130,4
18131,18132,10
18132,18131,9
18132,18133,6
18133,18132,8
18133,18134,6
18134,18133,4
18134,18135,6
18135,18134,7
18135,18136,3
18136,18135,3
18136,18137,3
18137,18136,7
18137,18138,9
18138,18137,2
18138,18139,5
18139,18138,4
18139,18140,8
18140,18139,6
18140,18141,3
18141,18140,4
18141,18142,3
18142,18141,8
18142,18143,5
18143,18142,5
18143,18144,6
18144,18143,3
18144,18145,2
18145,18144,3
18145,18146,7
18146,18145,4
18146,18147,4
18147,18146,5
18147,18148,9
18148,18147,5
18148,18149,1
18149,18148,5
18149,18150,1
18150,18149,6
18150,18151,3
18151,18150,1
18151,18152,5
18152,18151,4
18152,18153,2
18153,18152,3
18153,18154,3
18154,18153,2
18154,18155,3
18155,18154,2
18155,18156,3
18156,18155,5
18156,18157,4
18157,18156,3
18157,18158,5
18158,18157,5
18158,18159,4
18159,18158,5
18159,18160,3
18160,18159,7
18160,18161,10
18161,18160,8
18161,18162,4
18162,18161,4
18162,18163,1
18163,18162,6
18163,18164,3
18164,18163,4
18164,18165,4
18165,18164,4
18165,18166,4
18166,18165,4
18166,18167,3
18167,18166,6
18167,18168,2
18168,18167,4
18168,18169,3
18169,18168,5
18169,18170,7
18170,18169,4
18170,18171,2
18171,18170,9
18171,18172,1
18172,18171,10
18172,18173,10
18173,18172,5
18173,18174,2
18174,18173,5
18174,18175,6
18175,18174,4
18175,18176,4
18176,18175,5
18176,18177,7
18177,18176,6
18177,18178,8
18178,18177,6
18179,18178,3
18179,18180,3
18180,18179,4
18180,18181,3
18181,18180,2
18181,18182,9
18182,18181,5
18182,18183,6
18183,18182,3
18183,18184,3
18184,18183,6
18184,18185,3
18185,18184,7
18185,18186,4
18186,18185,5
18186,18187,3
18187,18186,6
18187,18188,6
18188,18187,7
18188,18189,3
18189,18188,4
18189,18190,2
18190,18189,4
18190,18191,6
18191,18190,4
18191,18192,6
18192,18191,1
18192,18193,8
18193,18192,7
18193,18194,3
18194,18193,3
18194,18195,6
18195,18194,5
18195,18196,4
18196,18195,3
18196,18197,5
18197,18196,2
18197,18198,5
18198,18197,2
18198,18199,4
18199,18198,1
18199,18200,6
18200,18199,4
18200,18201,4
18201,18200,8
18201,18202,10
18202,18201,6
18202,18203,4
18203,18202,6
18203,18204,4
18204,18203,3
18204,18205,5
18205,18204,3
18205,18206,5
18206,18205,5
18206,18207,8
18207,18206,4
18207,18208,4
18208,18207,4
18208,18209,3
18209,18208,3
18209,18210,6
18210,18209,8
18210,18211,6
18211,18210,9
18211,18212,3
18212,18211,5
18212,18213,4
18213,18212,6
18213,18214,4
18214,18213,5
18214,18215,7
18215,18214,3
18215,18216,7
18216,18215,6
18216,18217,4
18217,18216,4
18217,18218,5
18218,18217,5
18218,18219,7
18219,18218,7
18219,18220,7
18220,18219,7
18220,18221,7
18221,18220,6
18221,18222,2
18222,18221,4
18222,18223,4
18223,18222,7
18223,18224,2
18224,18223,2
18224,18225,4
18225,18224,4
18225,18226,5
18226,18225,3
18226,18227,2
18227,18226,5
18227,18228,3
18228,18227,9
18228,18229,3
18229,18230,6
18230,18229,6
18230,18231,2
18231,18230,8
18231,18232,7
18232,18231,1
18232,18233,5
18233,18232,5
18233,18234,4
18234,18233,5
18234,18235,3
18235,18234,4
18235,18236,2
18236,18235,7
18236,18237,3
18237,18236,2
18237,18238,9
18238,18237,2
18238,18239,9
18239,18238,5
18239,18240,3
18240,18239,2
18240,18241,9
18241,18240,3
18241,18242,5
18242,18241,9
18242,18243,5
18243,18242,2
18243,18244,5
18244,18243,2
18244,18245,2
18245,18244,4
18245,18246,2
18246,18245,3
18246,18247,5
18247,18246,3
18247,18248,4
18248,18247,5
18248,18249,1
18249,18248,7
18249,18250,3
18250,18249,5
18250,18251,3
18251,18250,1
18251,18252,4
18252,18251,2
18252,18253,3
18253,18252,5
18253,18254,4
18254,18253,5
18254,18255,4
18255,18254,7
18255,18256,5
18256,18255,5
18256,18257,4
18257,18256,7
18257,18258,5
18258,18257,4
18258,18259,3
18259,18258,2
18259,18260,2
18260,18259,1
18260,18261,4
18261,18260,5
18261,18262,7
18262,18261,3
18262,18263,7
18263,18262,10
18263,18264,1
18264,18263,2
18264,18265,4
18265,18264,7
18265,18266,7
18266,18265,6
18266,18267,2
18267,18266,5
18267,18268,6
18268,18267,3
18268,18269,3
18269,18268,4
18269,18270,2
18270,18269,5
18270,18271,4
18271,18270,3
18271,18272,1
18272,18271,5
18272,18273,3
18273,18272,5
18273,18274,5
18274,18273,4
18274,18275,5
18275,18274,2
18275,18276,3
18276,18275,3
18276,18277,10
18277,18276,3
18277,18278,4
18278,18277,3
18278,18279,2
18279,18278,3
18279,18280,3
18280,18279,6
18280,18281,2
18281,18280,4
18281,18282,5
18282,18281,3
18282,18283,2
18283,18282,3
18283,18284,3
18284,18283,5
18284,18285,4
18285,18284,5
18285,18286,7
18286,18285,8
18286,18287,4
18287,18286,4
18287,18288,3
18288,18287,4
18288,18289,10
18289,18288,6
18289,18290,6
18290,18289,4
18290,18291,4
18291,18290,7
18291,18292,6
18292,18291,2
18292,18293,6
18293,18292,2
18293,18294,4
18294,18293,2
18294,18295,3
18295,18294,7
18295,18296,5
18296,18295,4
18296,18297,4
18297,18296,2
18297,18298,4
18298,18297,2
18298,18299,3
18299,18298,4
18299,18300,4
18300,18299,5
18300,18301,4
18301,18300,5
18301,18302,3
18302,18301,3
18302,18303,3
18303,18302,9
18303,18304,5
18304,18303,3
18304,18305,8
18305,18304,6
18305,18306,3
18306,18305,3
18306,18307,2
18307,18306,4
18307,18308,6
18308,18307,7
18308,18309,7
18309,18308,5
18309,18310,4
18310,18309,4
18310,18311,4
18311,18310,6
18311,18312,3
18312,18311,4
18312,18313,2
18313,18312,5
18313,18314,8
18314,18313,5
18314,18315,5
18315,18314,4
18315,18316,1
18316,18315,4
18316,18317,5
18317,18316,2
18317,18318,4
18318,18317,7
18318,18319,6
18319,18318,4
18319,18320,6
18320,18319,1
18320,18321,5
18321,18320,3
18321,18322,6
18322,18321,6
18322,18323,2
18323,18322,2
18323,18324,3
18324,18323,4
18324,18325,2
18325,18324,4
18325,18326,5
18326,18325,3
18326,18327,3
18327,18326,5
18327,18328,4
18328,18327,4
18328,18329,6
18329,18328,6
18329,18330,7
18330,18329,2
18330,18331,4
18331,18330,5
18331,18332,2
18332,18331,6
18332,18333,3
18333,18332,1
18333,18334,2
18334,18333,4
18334,18335,4
18335,18334,6
18335,18336,3
18336,18335,7
18336,18337,7
18337,18336,4
18337,18338,7
18338,18337,9
18338,18339,5
18339,18338,7
18339,18340,6
18340,18339,4
18340,18341,3
18341,18340,5
18341,18342,7
18342,18341,6
18342,18343,8
18343,18342,3
18343,18344,7
18344,18343,2
18344,18345,8
18345,18344,6
18345,18346,5
18346,18345,9
18346,18347,5
18347,18346,1
18347,18348,4
18348,18347,1
18348,18349,6
18349,18348,5
18349,18350,1
18350,18349,4
18350,18351,4
18351,18350,5
18351,18352,1
18352,18351,3
18352,18353,5
18353,18352,8
18353,18354,9
18354,18353,6
18354,18355,6
18355,18354,3
18355,18356,2
18356,18355,3
18356,18357,7
18357,18356,6
18357,18358,5
18358,18357,2
18358,18359,2
18359,18358,4
18359,18360,2
18360,18359,2
18360,18361,3
18361,18360,8
18361,18362,2
18362,18361,2
18362,18363,10
18363,18362,2
18363,18364,1
18364,18363,5
18364,18365,5
18365,18364,10
18365,18366,2
18366,18367,4
18367,18366,5
18367,18368,7
18368,18367,5
18368,18369,6
18369,18368,5
18369,18370,4
18370,18369,6
18370,18371,3
18371,18370,4
18371,18372,5
18372,18371,2
18372,18373,4
18373,18372,4
18373,18374,1
18374,18373,5
18374,18375,4
18375,18374,5
18375,18376,4
18376,18375,10
18376,18377,4
18377,18376,2
18377,18378,1
18378,18377,3
18378,18379,2
18379,18378,6
18379,18380,5
18380,18379,7
18380,18381,1
18381,18380,6
18381,18382,3
18382,18381,2
18382,18383,4
18383,18382,6
18383,18384,2
18384,18383,5
18384,18385,3
18385,18384,3
18385,18386,4
18386,18385,5
18386,18387,2
18387,18386,2
18387,18388,2
18388,18387,4
18388,18389,6
18389,18388,5
18389,18390,11
18390,18389,5
18390,18391,8
18391,18390,8
18391,18392,6
18392,18393,2
18393,18392,2
18393,18394,5
18394,18393,5
18394,18395,4
18395,18394,7
18395,18396,1
18396,18395,4
18396,18397,9
18397,18396,6
18397,18398,7
18398,18397,7
18398,18399,6
18399,18398,7
18399,18400,2
18400,18399,4
18400,18401,7
18401,18400,3
18401,18402,9
18402,18401,4
18402,18403,5
18403,18402,4
18403,18404,3
18404,18403,3
18404,18405,5
18405,18404,5
18405,18406,9
18406,18405,4
18406,18407,3
18407,18406,2
18407,18408,3
18408,18407,4
18408,18409,1
18409,18408,10
18409,18410,5
18410,18409,6
18410,18411,2
18411,18410,4
18411,18412,2
18412,18411,3
18412,18413,3
18413,18412,2
18413,18414,4
18414,18413,3
18414,18415,4
18415,18414,1
18415,18416,3
18416,18415,1
18416,18417,3
18417,18416,6
18417,18418,4
18418,18417,5
18418,18419,8
18419,18418,3
18419,18420,4
18420,18419,5
18420,18421,7
18421,18420,8
18421,18422,4
18422,18421,5
18422,18423,2
18423,18422,8
18423,18424,4
18424,18423,7
18424,18425,2
18425,18424,2
18425,18426,3
18426,18425,5
18426,18427,2
18427,18426,6
18427,18428,5
18428,18427,7
18428,18429,4
18429,18428,5
18429,18430,4
18430,18429,2
18430,18431,3
18431,18430,4
18431,18432,2
18432,18431,3
18432,18433,7
18433,18432,8
18433,18434,2
18434,18433,7
18434,18435,4
18435,18434,2
18435,18436,2
18436,18435,6
18436,18437,4
18437,18436,5
18437,18438,5
18438,18437,4
18438,18439,5
18439,18438,2
18439,18440,4
18440,18439,5
18440,18441,5
18441,18440,4
18441,18442,2
18442,18441,8
18442,18443,2
18443,18442,4
18444,18443,2
18444,18445,7
18445,18444,2
18445,18446,3
18446,18445,2
18446,18447,5
18447,18446,7
18447,18448,5
18448,18447,3
18448,18449,4
18449,18448,3
18449,18450,3
18450,18449,3
18450,18451,3
18451,18450,6
18451,18452,4
18452,18451,3
18452,18453,3
18453,18452,5
18453,18454,7
18454,18453,3
18454,18455,3
18455,18454,8
18455,18456,2
18456,18455,4
18456,18457,3
18457,18456,4
18457,18458,1
18458,18457,2
18458,18459,4
18459,18458,4
18459,18460,6
18460,18459,3
18460,18461,2
18461,18460,2
18461,18462,5
18462,18461,6
18462,18463,5
18463,18462,5
18463,18464,2
18464,18463,1
18464,18465,3
18465,18464,4
18465,18466,5
18466,18465,7
18466,18467,4
18467,18466,5
18467,18468,5
18468,18467,5
18468,18469,2
18469,18468,6
18469,18470,3
18470,18469,4
18470,18471,9
18471,18470,8
18471,18472,7
18472,18471,4
18472,18473,4
18473,18472,5
18473,18474,3
18474,18473,6
18474,18475,2
18475,18474,4
18475,18476,2
18476,18475,4
18476,18477,3
18477,18476,8
18477,18478,2
18478,18477,4
18478,18479,4
18479,18478,9
18479,18480,2
18480,18479,5
18480,18481,1
18481,18480,4
18481,18482,4
18482,18481,2
18482,18483,3
18483,18482,2
18483,18484,8
18484,18483,2
18484,18485,5
18485,18484,3
18485,18486,2
18486,18485,4
18486,18487,4
18487,18486,1
18487,18488,3
18488,18487,1
18488,18489,8
18489,18488,5
18489,18490,3
18490,18491,3
18491,18490,4
18491,18492,4
18492,18491,4
18492,18493,6
18493,18492,4
18493,18494,3
18494,18493,5
18494,18495,4
18495,18494,7
18495,18496,2
18496,18495,2
18496,18497,4
18497,18496,1
18497,18498,1
18498,18497,2
18498,18499,4
18499,18498,5
18499,18500,3
18500,18499,2
18500,18501,3
18501,18500,2
18501,18502,2
18502,18501,3
18502,18503,1
18503,18502,4
18503,18504,2
18504,18503,1
18504,18505,3
18505,18504,2
18505,18506,4
18506,18505,5
18506,18507,4
18507,18506,3
18507,18508,5
18508,18507,3
18508,18509,1
18509,18508,7
18509,18510,3
18510,18509,5
18510,18511,5
18511,18510,2
18511,18512,6
18512,18511,5
18512,18513,7
18513,18512,4
18513,18514,2
18514,18513,3
18514,18515,6
18515,18514,2
18515,18516,4
18516,18515,6
18516,18517,4
18517,18516,6
18517,18518,5
18518,18517,4
18518,18519,3
18519,18518,5
18519,18520,6
18520,18519,4
18521,18520,2
18521,18522,5
18522,18521,3
18523,18522,3
18523,18524,8
18524,18523,3
18524,18525,7
18525,18524,5
18525,18526,4
18526,18525,6
18526,18527,2
18527,18526,1
18527,18528,1
18528,18527,3
18528,18529,4
18529,18528,4
18529,18530,2
18530,18529,7
18530,18531,9
18531,18530,6
18531,18532,8
18532,18531,8
18532,18533,6
18533,18532,4
18533,18534,4
18534,18533,7
18535,18534,2
18535,18536,6
18536,18535,3
18536,18537,2
18537,18536,6
18537,18538,2
18538,18537,2
18538,18539,3
18539,18538,2
18539,18540,5
18540,18539,3
18540,18541,4
18541,18540,3
18541,18542,4
18542,18541,3
18542,18543,4
18543,18542,5
18543,18544,7
18544,18543,2
18544,18545,5
18545,18544,3
18545,18546,4
18546,18545,3
18546,18547,3
18547,18546,4
18547,18548,4
18548,18547,6
18548,18549,3
18549,18550,4
18550,18549,6
18550,18551,3
18551,18550,6
18551,18552,7
18552,18551,2
18552,18553,2
18553,18552,5
18553,18554,5
18554,18553,3
18554,18555,5
18555,18554,2
18555,18556,5
18556,18555,6
18556,18557,1
18557,18556,3
18557,18558,1
18558,18557,7
18558,18559,1
18559,18558,2
18559,18560,4
18560,18559,3
18560,18561,2
18561,18560,2
18561,18562,3
18562,18561,2
18562,18563,3
18563,18562,4
18563,18564,3
18564,18563,4
18564,18565,5
18565,18564,1
18565,18566,4
18566,18565,4
18566,18567,4
18567,18566,4
18567,18568,2
18568,18567,5
18568,18569,3
18569,18568,5
18569,18570,5
18570,18569,2
18570,18571,3
18571,18570,4
18571,18572,2
18572,18571,8
18572,18573,2
18573,18572,1
18573,18574,2
18574,18573,5
18574,18575,2
18575,18574,6
18575,18576,3
18576,18575,5
18576,18577,3
18577,18576,6
18577,18578,5
18578,18577,3
18578,18579,4
18579,18578,6
18579,18580,3
18580,18579,3
18580,18581,2
18581,18580,5
18581,18582,4
18582,18581,5
18582,18583,1
18583,18582,3
18584,18583,2
18584,18585,3
18585,18584,4
18585,18586,1
18586,18585,4
18586,18587,3
18587,18586,5
18587,18588,2
18588,18587,7
18588,18589,4
18589,18588,3
18589,18590,6
18590,18589,3
18590,18591,5
18591,18590,2
18591,18592,2
18592,18593,2
18593,18594,5
18594,18593,3
18594,18595,2
18595,18594,4
18596,18595,4
18596,18597,3
18597,18596,3
18597,18598,5
18598,18597,1
18598,18599,2
18599,18598,8
18599,18600,2
18600,18599,2
18600,18601,2
18601,18600,5
18601,18602,6
18602,18601,3
18602,18603,5
18603,18602,1
18603,18604,6
18604,18603,3
18604,18605,5
18605,18604,4
18605,18606,4
18606,18605,2
18607,18606,4
18607,18608,2
18608,18607,1
18608,18609,3
18609,18608,3
18609,18610,4
18610,18609,6
18610,18611,4
18611,18610,4
18611,18612,1
18612,18611,2
18612,18613,4
18613,18612,3
18613,18614,6
18614,18613,1
18614,18615,3
18615,18614,2
18615,18616,4
18616,18615,2
18616,18617,1
18617,18616,4
18617,18618,5
18618,18617,7
18618,18619,3
18619,18618,6
18619,18620,2
18620,18619,4
18620,18621,2
18621,18620,3
18621,18622,5
18622,18621,5
18622,18623,6
18623,18622,5
18623,18624,4
18624,18625,7
18625,18624,3
18625,18626,3
18626,18625,2
18626,18627,2
18627,18626,3
18627,18628,4
18628,18627,1
18628,18629,4
18629,18628,3
18629,18630,3
18630,18629,5
18630,18631,5
18631,18632,1
18632,18631,5
18632,18633,2
18633,18632,3
18633,18634,3
18634,18633,4
18634,18635,4
18635,18634,4
18635,18636,5
18636,18635,3
18636,18637,4
18637,18636,3
18637,18638,2
18638,18637,5
18638,18639,7
18639,18638,2
18639,18640,2
18640,18639,3
18640,18641,1
18641,18640,2
18641,18642,8
18642,18643,2
18643,18642,3
18643,18644,4
18644,18643,1
18644,18645,3
18645,18644,3
18645,18646,1
18646,18645,5
18646,18647,4
18647,18646,2
18647,18648,5
18648,18647,1
18648,18649,8
18649,18648,5
18649,18650,4
18650,18649,3
18650,18651,5
18651,18650,1
18651,18652,3
18652,18651,1
18652,18653,2
18653,18652,2
18653,18654,3
18654,18653,5
18654,18655,3
18655,18654,4
18655,18656,3
18656,18655,5
18656,18657,3
18657,18656,2
18657,18658,6
18658,18657,4
18658,18659,3
18659,18658,2
18659,18660,2
18660,18659,3
18660,18661,4
18661,18660,4
18661,18662,6
18662,18661,4
18662,18663,5
18663,18662,4
18663,18664,4
18664,18663,3
18664,18665,1
18665,18664,1
18665,18666,1
18666,18665,4
18666,18667,5
18667,18666,3
18667,18668,2
18668,18667,1
18668,18669,5
18669,18668,5
18669,18670,3
18670,18669,7
18670,18671,2
18671,18670,7
18671,18672,1
18672,18671,5
18672,18673,1
18673,18672,4
18673,18674,3
18674,18673,5
18674,18675,5
18675,18674,5
18675,18676,5
18676,18675,3
18676,18677,4
18677,18676,2
18677,18678,1
18678,18677,3
18678,18679,3
18679,18678,1
18679,18680,6
18680,18679,2
18680,18681,6
18681,18680,2
18681,18682,6
18682,18681,2
18682,18683,4
18683,18682,2
18683,18684,2
18684,18683,3
18684,18685,3
18685,18684,3
18685,18686,2
18686,18685,3
18687,18686,3
18687,18688,5
18688,18687,2
18688,18689,4
18689,18688,4
18689,18690,6
18690,18689,4
18690,18691,1
18691,18690,3
18691,18692,3
18692,18691,1
18692,18693,2
18693,18692,4
18693,18694,2
18694,18695,5
18695,18694,1
18695,18696,3
18696,18695,2
18696,18697,3
18697,18696,4
18697,18698,5
18698,18697,1
18698,18699,2
18699,18698,3
18699,18700,1
18700,18699,4
18700,18701,3
18701,18700,5
18701,18702,2
18702,18701,1
18702,18703,3
18703,18702,1
18703,18704,1
18704,18703,1
18704,18705,5
18705,18704,3
18705,18706,5
18706,18705,2
18706,18707,5
18707,18706,5
18707,18708,4
18708,18709,1
18709,18708,2
18709,18710,1
18710,18709,1
18710,18711,2
18711,18710,4
18711,18712,1
18712,18711,3
18712,18713,2
18713,18712,2
18713,18714,3
18714,18713,3
18714,18715,2
18715,18714,4
18715,18716,1
18716,18715,1
18716,18717,4
18717,18716,3
18717,18718,2
18718,18717,4
18718,18719,3
18719,18718,5
18719,18720,5
18720,18719,2
18720,18721,2
18721,18720,4
18723,18722,1
18723,18724,2
18724,18723,3
18725,18726,5
18726,18725,2
18726,18727,3
18727,18726,1
18728,18727,2
18728,18729,4
18729,18728,1
18729,18730,1
18730,18729,1
18730,18731,2
18731,18730,4
18731,18732,1
18732,18731,4
18732,18733,7
18733,18732,4
18733,18734,2
18734,18733,1
18735,18734,1
18735,18736,3
18736,18735,3
18736,18737,6
18737,18736,5
18737,18738,4
18738,18737,2
18738,18739,3
18739,18738,3
18739,18740,4
18740,18739,2
18740,18741,2
18741,18740,3
18741,18742,1
18742,18741,1
18742,18743,1
18743,18742,4
18743,18744,2
18744,18743,2
18744,18745,2
18745,18744,3
18745,18746,1
18746,18745,8
18746,18747,3
18747,18746,1
18747,18748,5
18748,18747,2
18748,18749,2
18749,18748,2
18749,18750,1
18750,18749,3
18750,18751,4
18751,18750,3
18751,18752,2
18752,18751,2
18752,18753,3
18753,18752,2
18753,18754,3
18754,18753,2
18754,18755,2
18755,18754,4
18756,18755,1
18756,18757,1
18757,18758,1
18758,18757,3
18758,18759,2
18759,18758,4
18759,18760,4
18760,18759,4
18760,18761,5
18761,18762,3
18762,18761,1
18762,18763,6
18763,18762,4
18763,18764,3
18764,18765,5
18765,18764,3
18765,18766,4
18766,18765,3
18766,18767,1
18767,18766,1
18767,18768,2
18768,18767,4
18768,18769,1
18769,18768,2
18770,18769,1
18770,18771,4
18771,18770,1
18771,18772,4
18772,18771,1
18773,18772,1
18773,18774,1
18775,18774,2
18775,18776,2
18776,18775,2
18776,18777,2
18777,18776,3
18777,18778,4
18778,18777,6
18778,18779,2
18779,18778,3
18779,18780,1
18780,18779,2
18780,18781,1
18781,18780,3
18781,18782,4
18782,18781,1
18783,18782,1
18783,18784,2
18784,18783,1
18784,18785,5
18785,18786,3
18786,18785,2
18786,18787,2
18787,18786,1
18788,18787,1
18788,18789,3
18789,18790,2
18790,18789,3
18790,18791,5
18791,18792,1
18792,18793,2
18793,18792,3
18794,18793,2
18794,18795,4
18795,18794,3
18795,18796,2
18796,18797,1
18797,18796,3
18797,18798,2
18798,18797,2
18798,18799,1
18799,18800,1
18800,18799,4
18800,18801,4
18801,18800,2
18801,18802,5
18802,18803,2
18803,18802,1
18803,18804,1
18804,18803,1
18804,18805,4
18805,18804,2
18805,18806,3
18806,18805,3
18806,18807,3
18807,18806,1
18807,18808,3
18808,18807,2
18808,18809,4
18809,18808,2
18809,18810,3
18810,18809,3
18810,18811,2
18811,18810,1
18811,18812,2
18812,18811,2
18813,18812,2
18813,18814,4
18814,18813,3
18814,18815,4
18815,18814,1
18815,18816,1
18816,18815,1
18816,18817,1
18817,18816,7
18817,18818,2
18818,18817,1
18818,18819,2
18819,18818,3
18819,18820,1
18820,18819,3
18820,18821,1
18821,18820,2
18822,18821,3
18822,18823,3
18823,18822,3
18823,18824,3
18824,18823,2
18824,18825,3
18825,18824,2
18825,18826,1
18826,18825,2
18826,18827,1
18827,18826,1
18827,18828,1
18828,18827,1
18829,18828,1
18829,18830,2
18830,18829,3
18830,18831,1
18831,18832,2
18832,18831,1
18833,18832,2
18833,18834,2
18834,18833,6
18834,18835,2
18835,18834,1
18835,18836,1
18836,18835,1
18836,18837,1
18837,18836,1
18838,18837,2
18838,18839,1
18839,18838,2
18839,18840,1
18840,18839,1
18840,18841,3
18841,18842,1
18842,18841,3
18843,18842,1
18843,18844,1
18844,18845,3
18845,18846,4
18846,18845,2
18847,18846,3
18848,18847,1
18849,18850,3
18850,18849,4
18851,18850,1
18851,18852,2
18852,18853,2
18853,18852,4
18853,18854,3
18854,18853,1
18854,18855,3
18855,18856,3
18856,18855,2
18856,18857,2
18857,18856,1
18857,18858,2
18858,18857,2
18858,18859,1
18859,18858,2
18859,18860,2
18860,18859,1
18860,18861,2
18861,18860,3
18861,18862,1
18862,18861,1
18862,18863,2
18863,18864,2
18864,18863,1
18864,18865,1
18865,18864,1
18865,18866,1
18866,18865,1
18866,18867,1
18867,18866,1
18867,18868,1
18868,18867,1
18870,18871,2
18871,18870,2
18871,18872,2
18872,18871,2
18872,18873,1
18873,18872,3
18873,18874,5
18874,18873,1
18875,18874,1
18875,18876,2
18876,18875,2
18876,18877,1
18877,18876,1
18878,18877,2
18879,18880,4
18880,18879,3
18881,18880,1
18881,18882,1
18882,18881,1
18882,18883,2
18883,18882,4
18883,18884,1
18884,18883,3
18884,18885,1
18885,18884,2
18886,18885,1
18886,18887,3
18887,18886,2
18887,18888,1
18888,18887,3
18888,18889,2
18890,18889,2
18890,18891,1
18891,18890,1
18891,18892,1
18892,18891,1
18892,18893,1
18893,18892,3
18893,18894,1
18894,18893,1
18894,18895,1
18895,18894,2
18895,18896,2
18896,18895,2
18896,18897,1
18897,18896,1
18897,18898,3
18898,18897,1
18898,18899,1
18899,18898,1
18899,18900,1
18900,18899,2
18900,18901,1
18901,18900,1
18901,18902,1
18902,18901,4
18902,18903,3
18903,18902,2
18903,18904,2
18904,18903,2
18904,18905,1
18905,18904,1
18905,18906,1
18906,18907,1
18907,18906,1
18907,18908,2
18908,18907,3
18908,18909,2
18909,18910,4
18910,18909,1
18910,18911,1
18911,18910,1
18911,18912,1
18912,18913,3
18913,18912,1
18913,18914,1
18914,18913,2
18915,18914,5
18915,18916,2
18916,18915,1
18916,18917,1
18917,18916,4
18917,18918,2
18918,18917,3
18918,18919,1
18919,18918,5
18919,18920,3
18920,18919,2
18921,18920,2
18921,18922,1
18922,18921,1
18922,18923,2
18923,18922,2
18923,18924,2
18924,18923,2
18924,18925,1
18925,18924,2
18925,18926,1
18927,18926,1
18928,18927,1
18928,18929,2
18929,18928,2
18929,18930,1
18931,18930,1
18931,18932,5
18932,18933,1
18933,18932,3
18933,18934,1
18934,18933,1
18934,18935,2
18935,18934,1
18935,18936,2
18936,18937,2
18937,18936,3
18937,18938,1
18938,18937,2
18939,18940,1
18940,18941,2
18941,18940,1
18941,18942,1
18942,18941,1
18942,18943,3
18943,18944,2
18944,18943,1
18946,18945,1
18946,18947,4
18947,18946,2
18948,18947,4
18948,18949,2
18949,18950,2
18950,18949,1
18950,18951,1
18951,18950,2
18951,18952,4
18954,18953,2
18954,18955,3
18955,18954,1
18955,18956,1
18956,18955,1
18956,18957,1
18957,18956,3
18957,18958,1
18958,18957,2
18958,18959,2
18959,18958,2
18959,18960,2
18960,18961,1
18961,18960,1
18963,18962,1
18963,18964,1
18964,18963,3
18964,18965,1
18965,18964,2
18966,18965,1
18966,18967,2
18967,18966,1
18967,18968,1
18968,18969,1
18969,18968,2
18969,18970,1
18970,18969,3
18970,18971,1
18971,18970,1
18971,18972,4
18973,18972,2
18973,18974,1
18974,18973,1
18975,18974,3
18975,18976,3
18976,18977,3
18977,18978,1
18978,18977,2
18978,18979,2
18979,18978,1
18979,18980,1
18980,18979,2
18981,18980,1
18981,18982,2
18982,18983,2
18983,18982,1
18984,18983,2
18984,18985,2
18985,18984,2
18986,18985,3
18986,18987,1
18987,18986,1
18987,18988,2
18989,18990,1
18990,18989,1
18990,18991,2
18991,18990,1
18992,18991,1
18992,18993,1
18993,18992,2
18994,18993,1
18994,18995,1
18995,18994,4
18995,18996,1
18996,18997,1
18997,18998,1
18998,18999,1
18999,19000,2
19000,19001,1
19001,19000,1
19001,19002,1
19002,19003,2
19003,19002,1
19003,19004,4
19004,19005,2
19006,19007,2
19007,19006,3
19007,19008,1
19008,19007,1
19009,19010,2
19010,19009,2
19010,19011,3
19011,19010,1
19011,19012,3
19012,19011,2
19013,19012,1
19013,19014,2
19014,19013,1
19015,19014,1
19015,19016,1
19018,19017,1
19018,19019,3
19019,19018,2
19019,19020,1
19020,19019,2
19021,19020,1
19021,19022,1
19022,19023,1
19023,19022,1
19023,19024,2
19024,19023,2
19024,19025,1
19026,19025,1
19026,19027,1
19029,19028,2
19029,19030,2
19030,19029,1
19032,19031,3
19033,19032,2
19034,19033,2
19035,19034,1
19035,19036,1
19036,19035,1
19036,19037,1
19039,19038,1
19040,19039,1
19040,19041,1
19041,19040,1
19042,19041,1
19043,19042,1
19043,19044,1
19044,19045,2
19046,19045,2
19046,19047,2
19048,19049,1
19050,19049,1
19050,19051,1
19051,19050,1
19051,19052,2
19052,19051,3
19055,19056,2
19056,19055,1
19056,19057,1
19059,19058,1
19060,19061,2
19061,19060,1
19061,19062,1
19062,19063,1
19063,19062,1
19063,19064,1
19064,19063,1
19064,19065,1
19065,19066,1
19066,19065,2
19066,19067,1
19067,19068,1
19068,19067,1
19068,19069,1
19069,19068,4
19069,19070,1
19070,19071,2
19071,19070,2
19073,19072,3
19074,19073,1
19075,19074,1
19075,19076,1
19076,19075,2
19077,19076,3
19078,19077,1
19079,19078,1
19079,19080,1
19081,19080,2
19083,19084,3
19084,19083,1
19084,19085,1
19085,19084,1
19086,19087,2
19087,19086,1
19088,19087,1
19090,19091,1
19092,19091,1
19092,19093,1
19094,19093,1
19097,19096,2
19098,19097,2
19099,19098,1
19099,19100,1
19100,19099,1
19100,19101,1
19101,19102,1
19103,19102,1
19104,19103,1
19105,19104,1
19106,19107,2
19107,19106,1
19107,19108,1
19110,19111,1
19114,19113,1
19114,19115,2
19117,19118,2
19118,19117,1
19118,19119,1
19121,19120,2
19121,19122,2
19123,19124,1
19124,19123,1
19124,19125,2
19126,19125,1
19126,19127,1
19128,19127,4
19128,19129,1
19129,19128,1
19129,19130,1
19130,19129,1
19130,19131,1
19133,19134,1
19134,19135,1
19135,19134,1
19139,19140,1
19141,19142,1
19142,19141,2
19142,19143,1
19147,19148,2
19148,19149,1
19149,19150,1
19151,19150,1
19156,19157,2
19157,19156,2
19157,19158,1
19158,19157,1
19160,19161,1
19161,19160,1
19162,19163,2
19165,19164,1
19165,19166,1
19167,19168,1
19169,19168,1
19170,19171,2
19171,19170,1
19172,19171,1
19173,19172,1
19173,19174,2
19174,19175,2
19177,19176,1
19177,19178,1
19182,19181,1
19184,19183,1
19186,19185,1
19187,19186,1
19188,19187,1
19189,19188,2
19190,19191,1
19194,19193,1
19196,19197,1
19200,19199,2
19201,19200,1
19202,19203,1
19205,19204,1
19209,19210,1
19211,19210,1
19212,19213,1
19214,19215,1
19216,19215,1
19216,19217,1
19218,19219,1
19221,19220,1
19223,19222,1
19224,19223,1
19226,19225,1
19228,19227,1
19228,19229,1
19229,19230,1
19230,19231,1
19234,19233,2
19235,19234,1
19235,19236,1
19236,19237,1
19237,19238,1
19239,19238,1
19239,19240,1
19240,19239,1
19240,19241,1
19249,19250,1
19250,19249,1
19251,19250,1
19252,19251,1
19257,19256,1
19261,19262,1
19262,19263,2
19264,19263,1
19265,19264,2
19266,19265,1
19270,19269,1
19271,19270,2
19273,19272,3
19274,19273,1
19275,19276,1
19278,19277,1
19279,19278,1
19281,19280,1
19286,19287,1
19287,19286,1
19287,19288,1
19288,19287,1
19290,19291,1
19294,19293,1
19295,19294,1
19297,19296,1
19298,19299,1
19299,19300,1
19302,19303,1
19305,19306,1
19306,19307,1
19308,19309,1
19312,19311,1
19313,19312,1
19315,19316,1
19321,19322,1
19328,19329,1
19337,19336,1
19340,19341,1
19342,19341,1
19343,19344,1
19344,19343,1
19344,19345,1
19351,19350,2
19351,19352,1
19355,19356,1
19363,19362,1
19365,19364,1
19369,19370,1
19372,19373,1
19373,19372,1
19377,19378,1
19378,19377,1
19380,19379,1
19382,19383,1
19387,19386,1
19397,19398,1
19398,19397,1
19404,19405,1
19406,19405,1
19408,19409,1
19422,19421,1
19434,19433,1
19438,19439,1
19442,19443,1
19443,19444,1
19450,19451,1
19454,19453,1
19469,19470,1
19473,19472,1
19480,19479,1
19490,19491,1
19517,19516,1
19523,19524,1
19532,19533,1
19536,19535,1
19538,19537,1
19539,19538,1
19558,19559,1
19564,19563,1
19569,19570,1
19589,19590,1
19591,19590,1
19604,19603,1
19613,19614,1
19615,19614,1
19678,19679,1
19751,19750,1
36482,36429,1
39515,39602,1
40016,39898,1
40517,41097,1
40596,40544,1
40807,40809,1
41038,40997,1
41067,41079,1
41175,41131,1
41244,41290,1
41446,41319,1
41468,41465,1
42103,42100,1
42120,42172,1
42327,42329,1
42345,42346,1
42563,42584,1
42585,42591,1
42683,42690,1
42722,42832,1
42945,42953,1
43034,43031,1
43038,43064,1
43060,43046,1
43077,43082,1
43096,43118,1
43163,43155,1
43172,43185,1
43219,43217,1
43233,43243,1
43290,43288,1
43312,43318,1
43347,43334,1
43367,43388,1
43384,43396,1
43460,43420,1
43460,43461,1
43501,43500,1
43508,43523,1
43621,43614,1
43641,43645,1
43670,43667,1
43931,43928,1
43931,43938,1
43940,43939,1
44008,44002,1
44011,44007,1
44053,44056,1
44055,44049,1
44071,44078,1
44085,44083,1
44103,44097,1
44136,44133,1
44150,44152,1
44164,44172,1
44186,44185,1
44206,44198,1
44264,44267,1
44281,44283,1
44319,44304,1
44427,44426,1
44461,44460,1
44494,44500,1
44535,44544,1
44554,44558,1
44626,44623,1
44678,44673,1
44703,44704,1
44718,44691,1
44722,44721,1
44745,44776,1
44758,44751,1
44772,44757,1
44846,44847,1
44863,44862,1
44895,44896,1
44913,44910,1
44930,44940,1
44942,44948,1
44943,44946,1
44946,44947,1
44970,44976,1
44980,44979,1
44984,44975,1
45003,44999,1
45014,45015,1
45022,45023,1
45025,45020,1
45036,45026,1
45067,45058,1
45071,45072,1
45102,45103,1
45104,45105,1
45114,45109,1
45135,45136,1
45159,45156,1
45160,45159,1
45170,45167,1
45177,45175,1
45177,45178,1
45177,45182,1
45189,45190,1
45189,45193,1
45215,45217,1
45236,45234,1
45250,45257,1
45263,45261,1
45277,45274,1
45334,45332,1
45339,45340,1
45357,45358,1
45370,45369,1
45392,45395,1
45407,45406,1
45418,45417,1
45421,45420,1
45441,45444,1
45455,45453,1
45482,45485,1
45487,45484,1
45497,45504,1
45525,45521,1
45557,45558,1
45567,45568,1
45571,45575,1
45572,45577,1
45589,45592,1
45623,45616,1
45635,45628,1
45639,45642,1
45653,45654,1
45655,45647,1
45664,45662,1
45676,45677,1
45702,45701,1
45716,45717,1
45756,45757,1
45774,45766,1
45788,45786,1
45802,45803,1
45855,45857,1
45869,45872,1
45896,45899,1
45904,45903,1
45922,45923,1
45937,45936,1
45943,45940,1
45947,45950,1
45950,45952,1
45960,45959,1
45995,45997,1
46019,46017,1
46032,46036,1
46057,46056,1
46092,46093,1
46097,46096,1
46128,46129,1
46128,46130,1
46158,46159,1
46166,46165,1
46185,46182,1
46188,46189,1
46208,46209,1
46211,46209,1
46215,46211,1
46217,46219,1
46221,46222,1
46222,46218,1
46235,46234,1
46241,46240,1
46244,46245,1
46248,46247,1
46267,46266,1
46272,46270,1
46274,46275,1
46275,46274,1
46277,46280,1
46279,46276,1
46290,46288,1
46291,46294,1
46309,46310,1
46338,46337,1
46362,46365,1
46377,46378,1
46414,46412,1
46414,46415,1
46437,46438,1
46457,46456,1
46489,46495,1
46491,46492,1
46506,46507,1
46538,46536,1
46543,46544,1
46547,46551,1
46580,46582,1
46584,46585,1
46588,46586,1
46616,46618,1
46621,46623,1
46634,46635,1
46647,46649,1
46663,46665,1
46672,46669,1
46674,46675,1
46693,46691,1
46696,46694,1
46702,46703,1
46713,46711,1
46725,46724,1
46737,46738,1
46739,46732,1
46739,46738,1
46747,46745,1
46767,46766,1
46784,46785,1
46806,46802,1
46853,46849,1
46890,46887,1
46916,46913,1
46930,46932,1
46956,46955,1
46977,46971,1
46998,46999,1
47042,47043,1
47065,47063,1
47066,47065,1
47106,47105,1
47117,47116,1
47119,47120,1
47135,47134,1
47138,47137,1
47160,47162,1
47161,47160,1
47182,47181,1
47182,47183,1
47185,47184,1
47187,47188,1
47198,47195,1
47204,47205,1
47209,47210,1
47252,47249,1
47275,47277,1
47277,47278,1
47287,47283,1
47304,47303,1
47310,47311,1
47310,47312,1
47316,47315,1
47343,47342,1
47373,47372,1
47387,47388,1
47390,47391,1
47393,47392,1
47397,47395,1
47405,47408,1
47414,47416,1
47421,47420,1
47426,47427,1
47430,47429,1
47436,47435,1
47448,47447,1
47459,47458,1
47501,47502,1
47516,47517,1
47538,47540,1
47548,47547,1
47563,47562,1
47581,47580,1
47599,47600,1
47614,47615,1
47621,47620,1
47628,47630,1
47640,47641,1
47651,47655,1
47657,47656,1
47664,47658,1
47694,47695,1
47734,47733,1
47759,47758,1
47793,47792,1
47825,47824,1
47840,47841,1
47855,47858,1
47896,47899,1
47913,47911,1
47918,47919,1
47925,47926,1
47941,47943,1
47948,47947,1
47949,47950,1
47957,47956,1
47980,47979,1
47999,48000,1
48049,48050,1
48066,48065,1
48075,48074,1
48084,48085,1
48087,48088,1
48109,48108,1
48109,48110,1
48115,48114,1
48152,48151,1
48161,48160,1
48191,48192,1
48209,48211,1
48218,48217,1
48225,48226,1
48226,48227,1
48231,48232,1
48272,48271,1
48307,48308,1
48320,48321,1
48330,48331,1
48357,48358,1
48358,48359,1
48389,48388,1
48419,48418,1
48420,48418,1
48460,48458,1
48460,48461,1
48491,48490,1
48494,48495,1
48564,48566,1
48580,48581,1
48608,48609,1
48632,48633,1
48681,48680,1
48704,48705,1
48708,48707,1
48735,48734,1
48832,48831,1
48850,48849,1
48903,48904,1
48943,48944,1
48996,48995,1
49036,49034,1
49138,49139,1
49157,49156,1
49204,49203,1
49371,49372,1
49395,49394,1
49488,49489,1
49885,49886,1
